0.0001
0.0000
-0.0003
0.0001
0.0000
-0.0003
-0.0000
0.0000
-0.0000
-0.0000
0.0000
0.0006
-0.0001
0.0000
0.0007
-0.0000
0.0000
0.0003
-0.0000
0.0000
0.0001
0.0000
0.0000
-0.0002
0.0000
0.0000
0.0000
0.0000
0.0000
0.0000
-3.5669
0.0000
174.3775
3.7274
0.0000
156.1704
6.8970
0.0000
134.4729
8.9364
0.0000
173.6216
11.2144
0.0000
144.5547
13.8427
0.0000
154.7336
16.0515
0.0000
149.8507
18.9352
0.0000
148.0852
21.3106
0.0000
148.5485
23.7207
0.0000
145.5843
0.0004
0.0000
-0.0016
-0.0002
0.0000
0.0009
-0.0000
0.0000
0.0001
0.0000
0.0000
-0.0001
0.0001
0.0000
-0.0005
0.0001
0.0000
-0.0005
-0.0001
0.0000
0.0005
0.0000
0.0000
-0.0002
0.0002
0.0000
-0.0017
0.0002
0.0000
-0.0017
-0.1227
-0.0930
-0.2965
-0.1508
-0.0930
-0.2883
-0.1808
-0.0930
-0.2816
-0.2119
-0.0930
-0.2752
-0.2436
-0.0930
-0.2689
-0.2755
-0.0930
-0.2641
-0.3068
-0.0930
-0.2587
-0.3373
-0.0930
-0.2555
-0.3660
-0.0930
-0.2501
-0.3660
-0.0930
-0.2501
