-0.1197
0.0000
221.2559
3.8815
0.0000
270.1490
0.0000
0.0000
-0.0000
11.9942
0.0000
292.9854
8.9405
0.0000
34.5753
17.2042
0.0000
216.2617
16.1162
0.0000
130.9330
18.6534
0.0000
134.9360
27.3200
0.0000
191.1872
18.4650
0.0000
86.7516
0.0000
0.0000
-0.0001
0.1220
0.0930
-0.2846
0.0938
0.0930
-0.2812
0.0642
0.0930
-0.2743
0.0332
0.0930
-0.2704
0.0018
0.0930
-0.2646
-0.0297
0.0930
-0.2603
-0.0605
0.0930
-0.2568
-0.0899
0.0930
-0.2527
-0.1175
0.0930
-0.2512
-15.5112
0.0000
108.2731
-39.2404
0.0000
265.5722
-5.6948
0.0000
96.0735
-16.1389
0.0000
176.8310
-4.8948
0.0000
110.4382
-16.6153
0.0000
231.7371
5.4411
0.0000
38.2855
-7.4281
0.0000
197.7504
-6.4218
0.0000
223.1799
0.0000
0.0000
0.0000
0.0000
0.0005
-0.0000
0.0000
0.0001
0.0000
0.0000
-0.0000
-0.0000
0.0000
0.0000
0.0000
0.0000
-0.0001
-0.0000
0.0000
-0.0001
0.0000
0.0000
-0.0001
0.6525
-0.0264
-4.8321
1.7466
6.4740
-1.0731
-0.2936
0.0345
-0.0930
-0.2974
