2.3334
0.0000
243.5901
1.8318
0.0000
131.2653
4.6195
0.0000
155.5682
10.2886
0.0000
157.8491
12.3587
0.0000
132.6078
16.7904
0.0000
170.2844
17.4152
0.0000
134.1552
22.8970
0.0000
164.1181
22.7414
0.0000
136.0906
22.7414
0.0000
136.0906
-1.4446
0.0000
329.3018
10.0213
0.0000
4.7241
7.1260
0.0000
244.6429
10.1902
0.0000
113.4408
12.5629
0.0000
169.8148
15.0244
0.0000
142.2792
17.1991
0.0000
155.3583
20.5265
0.0000
141.8760
22.2885
0.0000
153.1744
24.8252
0.0000
139.4516
-29.4721
0.0000
191.3314
-20.4847
0.0000
175.7117
-11.7502
0.0000
139.0708
-9.9893
0.0000
142.2449
-11.5315
0.0000
173.6630
-4.9655
0.0000
129.8966
-2.8296
0.0000
124.1700
-6.4633
0.0000
209.2363
-2.9782
0.0000
106.8091
-2.9782
0.0000
106.8091
0.0260
-0.0930
-0.3049
0.0173
-0.0930
-0.3094
0.0070
-0.0930
-0.3137
-0.0043
-0.0930
-0.3157
-0.0181
-0.0930
-0.3178
-0.0332
-0.0930
-0.3153
-0.0513
-0.0930
-0.3124
-0.0726
-0.0930
-0.3093
-0.0960
-0.0930
-0.3015
-0.0960
-0.0930
-0.3015
