1
0
0
0
0.00799278
0.059058
-0.0333366
0.0411936
0.0329299
-0.0599414
0.0605264
-0.0633537
0.0638021
0.0862802
-0.0425933
-0.000424622
0.0675387
-0.0183902
0.0978014
-0.0453834
-0.0232466
-0.0899675
-0.00627169
0.0312769
-0.0294583
0.0500184
0.0686955
0.0410907
-0.0374923
1
0
0
0
-0.0496667
-0.00508182
0.0920672
-0.0633865
0.0523249
-0.00835747
-0.0958478
-0.0660653
-0.010556
-0.0412312
0.0106881
-0.000523579
0.0524972
-0.058035
0.0700182
0.00251559
-0.0893394
0.0111089
0.0650233
-0.0191467
-0.0621948
0.0648358
0.0214738
-0.0959109
-0.0136212
1
0
0
0
-0.049007
-0.0311192
-0.023996
0.00976189
0.0795689
0.0754805
-0.037741
-0.0784661
0.0454986
0.0647746
-0.0678055
-0.0433925
0.0297979
0.0130478
-0.00558732
-0.00536627
-0.0654784
-0.00149819
0.0810126
0.00460871
-0.0720671
-0.0444021
-0.0354973
-0.0843641
0.0584483
1
0
0
0
0.0445848
-0.0968133
-0.063091
0.00935942
-0.0646188
-0.00648349
-0.0608426
0.048429
0.0879292
0.0337911
0.0829506
-0.013569
0.0148037
-0.0124407
0.0143639
0.0704016
0.052062
0.0299998
0.0288498
-0.073208
-0.0717431
0.0822157
0.0483628
0.06146
-0.0778585
1
0
0
0
-0.00364607
0.0321937
0.0478365
-0.069855
0.0151443
-0.0657325
0.0449487
-0.0972964
0.0486314
0.0153503
0.0547656
-0.0213688
-0.0557999
0.0815576
0.00688807
-0.0735842
0.0299204
-0.0316519
-0.0514427
-0.0491529
-0.0681079
0.0866288
-0.0459006
0.0770889
-0.0838894
1
0
0
0
0.0305808
0.0592788
0.0731441
-0.0540689
0.0140444
-0.0482247
-0.00986883
-0.00439796
0.0586633
0.0165469
-0.0744775
-0.0729886
0.0651043
-0.0236305
-0.0410965
0.051733
0.030469
-0.0640076
0.0678436
0.0324055
0.0614647
-0.049655
0.0915387
-0.0292982
-0.00724628
1
0
0
0
0.0993009
-0.0623669
-0.00890575
0.0158478
-0.0368445
0.0181057
-0.0190479
0.0395251
0.0770092
-0.0673149
-0.030006
-0.0869984
-0.0994713
-0.0976004
0.0744663
-0.0491263
0.0939382
-0.0548319
0.0436275
0.040964
0.0573008
-0.0733736
-0.0263781
-0.0739914
0.034138
1
0
0
0
-0.0578689
-0.0636601
0.0334337
-0.0251838
0.0063339
0.0464353
-0.024655
0.00873346
0.0209016
0.0262187
0.0026717
0.0660698
-0.0301538
-0.0563643
0.0233706
-0.00352742
0.0172576
0.0493792
-0.0693894
-0.0458818
-0.0966255
-0.0545957
0.000148463
0.0994007
0.0926289
1
0
0
0
-0.00104898
0.0812821
0.088143
-0.0748303
-0.0160462
0.0542127
-0.00498406
0.0275896
-0.0224167
0.0914885
-0.0551528
-0.0730374
-0.0779009
-0.00103465
-0.069663
-0.0324966
0.0991138
-0.0702622
-0.0398678
0.0445935
-0.0372022
-0.00892004
-0.0487479
0.0926727
-0.0215478
1
0
0
0
-0.0572153
-0.0757383
-0.0135614
-0.0657268
-0.0308911
0.0134012
-0.0436277
0.0680742
0.0437382
0.0238757
0.067188
0.073476
0.0840079
0.0117815
-0.0637262
-0.0249121
0.0630337
-0.0710535
0.0535401
0.0630756
0.087834
0.0527984
0.0867236
-0.0807298
-0.080702
1
0
0
0
0.0905216
0.0901055
-0.0736263
0.0143973
0.0572935
0.0998497
-0.00159478
-0.030925
-0.0638765
0.0734931
-0.0678913
-0.03493
0.0270332
0.0951843
-0.047096
-0.0201684
0.0819079
-0.0278258
-0.000870439
-0.00876955
0.00416275
0.0730701
0.0483218
-0.0671766
-0.0441342
1
0
0
0
0.0856712
-0.075749
0.0700826
0.0591643
-0.0436403
-0.0648474
-0.0138024
-0.048456
-0.0119433
0.0660292
-0.0665482
0.0602309
-0.0348413
0.0246823
-0.0356064
-0.0617712
-0.0269959
-0.00278295
-0.00590537
0.0212019
-0.0170372
0.0191948
0.00354903
-0.00926018
-0.0730694
1
0
0
0
0.0947169
0.0759529
0.0882911
0.060746
-0.0905952
0.048522
-0.0740952
0.034087
-0.0870844
-0.0358664
-0.0929089
0.0101327
0.0582282
0.028293
0.0930955
-0.022577
-0.068158
-0.0161647
0.00435361
0.00825975
0.0724576
-0.0346064
-0.0280565
-0.0837441
0.0603928
1
0
0
0
0.0111855
0.0281588
-0.0245625
0.075319
0.0352499
0.0855702
0.0335472
-0.0364571
0.0786656
-0.0890297
-0.0046151
-0.0374991
0.0153239
-0.0963553
-0.0650415
0.0807175
-0.0244119
-0.0487857
0.0411103
-0.00311338
0.0355195
0.0665848
-0.0732956
0.0442336
-0.00770627
1
0
0
0
-0.0434285
-0.0500759
0.00848895
-0.0324583
0.045309
0.0709899
0.0828656
0.0489537
-0.0940516
0.0635831
-0.0754582
-0.0428373
0.00469343
0.0214284
0.0926822
-0.0287217
0.0481328
0.0369158
0.063572
-0.00062811
-0.0341835
0.0698657
0.0358916
0.088789
-0.0613187
1
0
0
0
0.0135999
0.0704884
0.0981849
-0.0228169
0.0950303
-0.0446524
0.0818765
0.0164587
-0.0519701
-0.0468453
-0.0354084
0.0849457
-0.0832733
0.0639634
-0.0492378
0.0865924
-0.000144928
-0.0604487
-0.0747263
0.0834519
-0.0205284
-0.0917919
0.090073
0.00577324
0.0209658
1
0
0
0
0.0566593
-0.0144888
-0.0639885
-0.090186
0.0501027
-0.0790428
-0.0734592
0.0140661
-0.0282806
-0.0868668
-0.0860788
0.0112707
-0.0615932
0.0973731
0.0907423
-0.053385
0.0874461
-0.00348443
0.0675808
-0.0592883
-0.0214854
0.00979333
-0.0752885
-0.0179517
-0.0557576
1
0
0
0
-0.00989192
0.074803
-0.00645377
0.00324123
0.0887242
-0.0951831
0.0416481
0.0860973
0.0955593
0.088263
0.0735434
-0.00792517
0.0558438
-0.0857449
0.0705894
-0.0343628
-0.0610335
-0.0473623
0.00987958
0.0612778
0.00870817
-0.013244
-0.0416282
0.0338311
-0.048386
1
0
0
0
0.0106898
-0.0451736
0.0682328
-0.00104718
-0.0716302
-0.0396924
-0.0452033
-0.0573751
-0.069103
0.0204338
-0.0184085
-0.0164653
-0.0696866
-0.0571308
0.0922429
0.0170694
0.00124099
0.026074
0.0686834
-0.0866339
0.0705392
-0.0788329
0.0890584
-0.0242588
-0.00452256
1
0
0
0
-0.0116601
0.0502964
-0.00455495
-0.0912263
-0.0681121
0.0789798
-0.0609128
-0.0252429
0.0712226
0.0561566
0.0759981
-0.00270338
0.02484
0.0893642
-0.0321642
0.0460071
0.0784226
0.043577
-0.0585155
-0.0667185
-0.000676867
0.00481856
-0.0428179
0.0237984
0.0408262
1
0
0
0
0.0615165
0.0677131
-0.044738
0.0176731
0.0437112
0.0525587
-0.0574869
0.0330754
-0.0796055
0.0885202
0.011498
0.0639715
-0.0699953
0.0447796
-0.0367054
0.0348232
-0.0980383
0.087093
-0.0243506
0.0937342
0.0901931
-0.0792841
-0.0809501
0.000964676
-0.0696695
1
0
0
0
0.0768376
-0.00051155
-0.0523553
0.0653578
-0.0890135
-0.0883838
0.0953624
0.055766
-0.0250892
0.0301856
0.0577277
-0.0379962
-0.094165
0.0514619
-0.0478032
-0.0734491
0.0705119
0.0531615
-0.0431185
0.00321743
0.0151942
0.0922716
0.0583523
0.0701829
-0.0882988
1
0
0
0
-0.053114
-0.0744613
-0.0521853
0.0770717
0.0832665
0.00981844
0.0829067
0.0347284
0.0620153
-0.0905424
0.00524024
0.0151768
-0.0336609
-0.0915423
-0.069629
-0.0413893
0.06681
-0.099446
-0.0296881
0.0418138
0.0934387
0.0567047
-0.0488579
0.0527365
-0.0296523
1
0
0
0
0.095696
-0.075171
0.0241878
-0.0948464
0.0300693
-0.0606355
-0.0285073
0.0385269
-0.0302645
0.0301035
0.00533695
-0.0297105
-0.0995846
-0.0528493
-0.0362718
0.0571201
-0.0017072
-0.0835353
-0.0725322
-0.0643993
-0.0720126
-0.0408967
-0.0755677
0.00928285
-0.0363574
1
0
0
0
0.0452815
0.0996429
0.011457
-0.024615
0.00497987
0.0817465
-0.0241997
0.0521306
-0.0545253
-0.0670796
-0.0495766
-0.0380607
-0.0396118
-0.0139759
-0.0100732
0.0194915
0.0104564
0.0992096
0.0831341
0.0706063
-0.0846734
-0.000869249
-0.0564545
0.0215443
0.0772999
1
0
0
0
-0.0175639
0.0704604
0.0600563
0.0153566
-0.0791162
-0.0780044
0.0757448
0.00690797
0.0119224
-0.0047637
-0.0826356
0.011132
-0.0216296
0.0879707
0.0264586
0.0775012
-0.0684838
-0.0519971
0.054801
0.0436968
0.000593978
0.0344578
0.0296662
-0.085699
0.055836
1
0
0
0
-0.0589097
-0.0557671
-0.00277302
0.0363266
-0.0384027
-0.0916411
-0.085303
-0.050432
0.0348175
0.0921982
-0.0189158
0.0828205
0.0469992
-0.0752189
-0.0165855
-0.018543
0.0544472
-0.00228454
-0.062707
-0.0846358
-0.0746336
0.0259642
-0.017083
0.0713471
0.0292169
1
0
0
0
-0.00963455
0.0805115
0.0182341
-0.0174364
-0.0384042
0.00105456
-0.0704372
-0.0136232
0.084469
0.0110198
-0.0591759
-0.0178155
0.0483129
-0.0438117
0.00755086
-0.025723
0.0391054
-0.021102
-0.096506
0.0720114
0.0666862
-0.00398003
-0.0297372
0.0917995
0.0738506
1
0
0
0
-0.012235
0.0205732
0.0360824
0.0987848
0.0613973
-0.0817331
0.0470977
-0.0824144
0.0258177
-0.0786252
0.056691
-0.0952843
-0.0751312
0.0287023
0.0714019
0.0208887
0.0989652
0.0632014
-0.00526069
-0.0914302
-0.075653
-0.0563525
-0.00615708
-0.0835639
0.0759722
1
0
0
0
0.0613312
0.0227892
-0.0416887
0.082706
-0.0205199
-0.0369729
-0.0924253
-0.0918175
-0.065571
0.0284634
-0.0928524
0.0976304
-0.0767972
-0.0842825
-0.0780226
-0.0331498
0.00956038
-0.0615865
-0.0571775
0.0790419
-0.0725499
-0.0306465
0.0067255
-0.0493168
-0.0525022
1
0
0
0
-0.0119805
0.0101448
-0.0500144
-0.083517
0.0172924
-0.052384
-0.0603143
0.0330099
-0.0304066
0.00653597
-0.0574298
0.00800686
0.0493584
-0.0783879
0.035457
-0.0812881
0.0283376
0.0861402
-0.0337903
-0.0494883
0.0806297
-0.0720657
0.0869194
-0.0196773
0.0221525
1
0
0
0
0.00929123
0.0652142
-0.0425663
-0.0841728
-0.0922155
0.0654406
0.0651856
-0.0706035
0.000897576
0.0838975
0.0577341
-0.0129622
-0.0498928
-0.0917542
-0.0323326
-0.0219584
0.0951652
0.0479901
-0.0998059
-0.0201766
-0.049205
-0.0251238
-0.0550736
-0.0444378
0.0651149
1
0
0
0
-0.0420415
-0.0949263
-0.0830486
-0.058144
0.0628078
0.00398915
-0.00803674
0.0710536
0.0716566
0.0700048
0.0662188
0.0196467
0.0701989
-0.0539578
0.0704417
-0.0549249
-0.0090314
-0.0739961
-0.08981
0.0890175
0.096478
0.0155292
0.056672
0.0991565
-0.0912913
1
0
0
0
0.0181683
-0.0183384
0.0679728
-0.0118269
-0.0521196
-0.0123805
-0.041628
-0.00607738
-0.0419388
0.00344712
0.0848912
-0.0159349
0.0136371
0.0739087
-0.019457
-0.0708338
0.0305807
-0.0203005
-0.0621251
0.0641984
-0.0532512
0.0971968
-0.00941112
0.0894752
-0.0274275
1
0
0
0
0.0658564
-0.0286521
-0.0251306
-0.0306965
-0.0437609
0.0589345
0.0829406
-0.0698522
-0.0605225
-0.0878931
0.0607286
0.019177
-0.0500182
0.0249269
0.0659258
-0.0528214
-0.0844842
0.055401
0.0197511
-0.00954629
-0.00732364
-0.0153493
0.0915967
0.0405596
-0.0541334
1
0
0
0
0.0364929
-0.0947354
-0.0348552
0.0485997
0.0659932
0.0843219
0.0985815
-0.00907989
0.0502477
-0.0542399
0.00643591
0.00564872
0.0655112
0.0968896
0.0983251
-0.0498381
0.0884863
0.0388847
-0.00397148
0.0993942
-0.0910108
-0.0289162
0.0177864
-0.043481
-0.0370528
1
0
0
0
-0.0607385
-0.0873087
0.0550617
-0.0149784
0.0191272
-0.0392896
-0.0494672
0.0160168
-0.0409645
0.000694753
0.00450311
0.0979202
0.0967233
0.00389728
-0.0930905
-0.032193
-0.0783163
-0.0365716
0.0307543
-0.0762811
-0.0611749
-0.0395656
0.0793062
0.0893385
-0.0842183
1
0
0
0
-0.0131177
0.0147231
0.0158956
0.087577
-0.0807738
0.0138159
0.0843003
0.0231235
0.0207253
-0.0478927
0.0448072
0.0841538
0.0828616
0.0685261
-0.0770211
-0.056704
0.0478323
-0.0876826
-0.0409223
-0.0807812
0.0574339
-0.00464835
0.0312852
-0.0756783
0.0364396
