 0.993095
-0.047718
 0.028307
 0.103364
 0.000000
 0.025478
 0.957772
 0.050567
 0.059769
 0.000000
 0.000000
 0.444008
 0.206905
-0.590383
-0.184023
-1.168974
 0.013747
-0.326590
 0.160026
 0.009543
 0.189394
 1.309593
-0.450240
-0.103667
 0.044152
-3.307134
-3.943853
 3.673620
 3.374316
 0.991403
-0.084936
 0.032386
 0.094107
 0.009940
 0.023373
 0.967910
 0.138477
 0.072732
-0.000000
 0.000000
 0.340074
-0.036094
-0.476964
 0.025563
-1.405513
-0.148748
-0.317762
 0.228756
-0.075556
 0.166453
 1.742597
 0.766726
-0.190333
 0.069953
 2.509631
-4.234273
-2.712300
 3.788616
 0.988085
-0.122865
 0.032554
 0.086794
 0.023899
 0.016831
 0.975750
 0.236043
 0.138597
 0.000000
 0.000000
 0.463499
-0.202863
-0.607046
 0.159226
-1.185733
 0.120885
-0.044562
 0.236186
-0.180426
 0.164276
 1.555841
 1.456406
 0.000203
 0.096233
-2.435097
-3.278190
 2.629511
 2.440712
 0.983103
-0.153242
 0.041506
 0.091116
 0.036918
 0.004493
 0.980290
 0.320121
 0.242538
 0.000000
-0.000000
 0.094824
-0.259332
-0.205012
 0.145150
-0.517013
-0.007484
 0.074457
 0.323108
-0.236807
 0.045325
 0.934943
 1.694213
 0.077973
 0.086664
 0.414425
 1.164266
-0.188911
-2.096958
 0.985385
-0.138433
 0.039460
 0.091076
 0.058643
-0.008657
 0.978924
 0.307298
 0.283315
-0.000000
-0.000000
 0.382431
-0.081175
-0.496744
-0.080665
 1.704089
 0.120256
-0.053008
 0.416890
-0.220378
-0.222568
-1.568009
-0.659657
-0.155162
 0.498686
 6.359813
 4.588737
-6.491143
-5.558722
 0.990462
-0.096991
 0.037643
 0.090342
 0.079944
-0.017803
 0.972050
 0.226164
 0.228638
 0.000034
-0.000073
 0.660578
 0.183464
-0.770724
-0.370372
 0.524213
-0.199351
-0.043533
 0.362212
-0.112257
 0.116435
-0.536730
-0.280495
 0.031081
-0.039440
 2.772120
 7.328838
-2.284746
-7.516420
 0.991886
-0.084266
 0.029254
 0.090581
 0.098823
-0.024098
 0.970257
 0.204719
 0.216014
 0.000183
 0.000226
 0.687163
 0.588845
-0.738547
-0.783249
 0.151851
-0.245707
-0.050866
 0.286126
-0.115274
-0.081627
 0.117936
 0.112436
 0.035915
 0.046601
-0.661160
 2.846218
 1.774305
-2.510633
 0.992599
-0.080277
 0.023809
 0.087948
 0.113127
-0.029241
 0.968967
 0.207939
 0.219069
 0.000118
 0.000381
 0.629318
 0.645035
-0.624413
-0.812579
 0.671588
-0.121001
-0.077432
 0.252657
-0.053801
 0.019231
-0.673719
-0.549577
 0.011119
 0.052065
-1.259921
 2.142588
 2.294712
-1.792302
  0.995145
 -0.050735
  0.029938
  0.078755
  0.122380
 -0.030036
  0.981673
  0.126150
  0.156899
  0.000170
  0.001857
  0.581632
  0.230613
 -0.569764
 -0.336729
  2.081556
  0.555930
 -0.541937
  0.117013
  0.018507
  0.175550
 -2.841334
 -2.346280
  0.005530
  0.120286
 -0.837845
-11.889219
  0.628289
 13.402742
 0.996659
 0.013175
 0.032995
 0.073525
 0.133150
-0.027097
 0.994271
-0.033437
 0.015835
-0.000008
 0.000744
 0.584929
 0.054571
-0.576690
-0.116481
 2.353141
 0.302831
-0.143295
 0.216946
 0.075744
 0.267444
-2.837206
-2.670585
-0.002040
-0.026642
 0.260488
-0.789849
-0.656248
 1.266573
 0.993625
 0.074637
 0.042095
 0.073249
 0.145831
-0.022099
 1.008571
-0.175882
-0.126482
-0.000069
 0.000173
 0.600950
 0.027264
-0.647379
-0.079573
 1.905098
 0.689115
 0.002437
 0.236970
 0.101523
 0.224466
-2.194730
-2.326985
 0.000394
-0.008103
 0.131666
-0.580527
-1.659202
 0.465770
 0.988202
 0.117883
 0.063273
 0.074508
 0.159174
-0.015827
 1.017591
-0.276269
-0.235015
-0.000011
-0.000496
 0.579547
-0.040462
-0.735644
-0.031217
 1.021785
 0.924725
 0.138593
 0.254735
 0.131938
 0.137840
-1.376701
-1.448882
-0.002472
 0.000864
-0.879591
-0.567146
-1.334248
-0.004287
 0.985162
 0.128626
 0.077921
 0.082704
 0.177133
-0.006324
 1.027694
-0.319222
-0.270662
 0.000074
-0.000272
 0.542280
 0.288475
-0.799789
-0.413139
 0.163203
 0.562863
 0.332309
 0.309359
 0.185319
 0.036059
-0.736807
-0.435224
-0.010969
 0.063416
-1.673957
 4.066479
-0.065548
-4.883884
 0.984708
 0.119702
 0.088014
 0.090969
 0.194971
 0.004590
 1.022648
-0.329844
-0.260861
 0.000253
-0.000341
 0.436837
 0.536025
-0.763802
-0.693034
-0.997845
 0.062395
 0.397272
 0.308683
 0.196906
-0.185143
 0.673369
 0.986019
-0.156887
 0.217326
-3.702741
 2.429245
 3.150766
-2.604010
 0.986763
 0.091362
 0.088799
 0.100336
 0.211789
 0.014282
 1.018817
-0.278724
-0.200941
-0.000000
 0.000000
 0.276570
 0.608443
-0.590241
-0.755410
-0.523907
 0.055459
 0.659077
 0.211405
 0.105602
 0.191807
 0.547981
 0.789879
-0.524044
 0.050142
-9.373665
-0.582262
10.754599
 0.736637
 0.988958
 0.054538
 0.075205
 0.115464
 0.224079
 0.018087
 1.027117
-0.197602
-0.085011
-0.000000
 0.000000
-0.032600
 0.631445
-0.194349
-0.735705
-1.570431
-1.130478
 0.473364
 0.225734
 0.039176
 0.186670
 2.086256
 2.733866
-0.297209
 0.048128
-1.517768
-0.738396
 2.945830
 2.165895
  0.991626
  0.018176
  0.046405
  0.119137
  0.238386
  0.020857
  1.040915
 -0.105199
  0.022144
  0.000000
  0.000000
  0.237180
  0.582131
 -0.417508
 -0.601582
 -0.942963
 -1.202535
 -0.202278
  0.296378
  0.076837
  0.199064
  1.414129
  1.166677
  0.106103
  0.087837
 11.735052
 -1.640528
-11.696351
  3.306523
 0.993293
-0.017060
 0.027071
 0.111111
 0.252044
 0.024519
 1.045854
-0.019321
 0.067909
 0.000000
 0.000000
 0.615901
 0.428655
-0.788146
-0.389917
-1.140634
-0.376357
-0.234772
 0.189547
 0.039386
 0.148827
 1.361943
 0.284054
-0.061833
 0.078533
 0.503889
-3.596736
-0.128693
 3.854087
 0.993095
-0.047718
 0.028307
 0.103364
 0.260924
 0.025478
 1.057772
 0.050567
 0.059769
 0.000000
 0.000000
 0.444008
 0.206905
-0.590383
-0.184023
-1.168974
 0.013747
-0.326590
 0.160026
 0.009543
 0.189394
 1.309593
-0.450240
-0.103667
 0.044152
-3.307134
-3.943853
 3.673620
 3.374316
 0.993095
-0.047718
 0.028307
 0.103364
 0.260924
 0.025478
 1.057772
 0.050567
 0.059769
 0.000000
 0.000000
 0.444008
 0.206905
-0.590383
-0.184023
-1.168974
 0.013747
-0.326590
 0.160026
 0.009543
 0.189394
 1.309593
-0.450240
-0.103667
 0.044152
-3.307134
-3.943853
 3.673620
 3.374316
 0.993095
-0.047718
 0.028307
 0.103364
 0.260924
 0.025478
 1.057772
 0.050567
 0.059769
 0.000000
 0.000000
 0.444008
 0.206905
-0.590383
-0.184023
-1.168974
 0.013747
-0.326590
 0.160026
 0.009543
 0.189394
 1.309593
-0.450240
-0.103667
 0.044152
-3.307134
-3.943853
 3.673620
 3.374316
 0.993095
-0.047718
 0.028307
 0.103364
 0.260924
 0.025478
 1.057772
 0.050567
 0.059769
 0.000000
 0.000000
 0.444008
 0.206905
-0.590383
-0.184023
-1.168974
 0.013747
-0.326590
 0.160026
 0.009543
 0.189394
 1.309593
-0.450240
-0.103667
 0.044152
-3.307134
-3.943853
 3.673620
 3.374316
 0.993095
-0.047718
 0.028307
 0.103364
 0.260924
 0.025478
 1.057772
 0.050567
 0.059769
 0.000000
 0.000000
 0.444008
 0.206905
-0.590383
-0.184023
-1.168974
 0.013747
-0.326590
 0.160026
 0.009543
 0.189394
 1.309593
-0.450240
-0.103667
 0.044152
-3.307134
-3.943853
 3.673620
 3.374316
 0.993095
-0.047718
 0.028307
 0.103364
 0.260924
 0.025478
 1.057772
 0.050567
 0.059769
 0.000000
 0.000000
 0.444008
 0.206905
-0.590383
-0.184023
-1.168974
 0.013747
-0.326590
 0.160026
 0.009543
 0.189394
 1.309593
-0.450240
-0.103667
 0.044152
-3.307134
-3.943853
 3.673620
 3.374316
 0.993095
-0.047718
 0.028307
 0.103364
 0.260924
 0.025478
 1.057772
 0.050567
 0.059769
 0.000000
 0.000000
 0.444008
 0.206905
-0.590383
-0.184023
-1.168974
 0.013747
-0.326590
 0.160026
 0.009543
 0.189394
 1.309593
-0.450240
-0.103667
 0.044152
-3.307134
-3.943853
 3.673620
 3.374316
 0.993095
-0.047718
 0.028307
 0.103364
 0.260924
 0.025478
 1.057772
 0.050567
 0.059769
 0.000000
 0.000000
 0.444008
 0.206905
-0.590383
-0.184023
-1.168974
 0.013747
-0.326590
 0.160026
 0.009543
 0.189394
 1.309593
-0.450240
-0.103667
 0.044152
-3.307134
-3.943853
 3.673620
 3.374316
 0.993095
-0.047718
 0.028307
 0.103364
 0.260924
 0.025478
 1.057772
 0.050567
 0.059769
 0.000000
 0.000000
 0.444008
 0.206905
-0.590383
-0.184023
-1.168974
 0.013747
-0.326590
 0.160026
 0.009543
 0.189394
 1.309593
-0.450240
-0.103667
 0.044152
-3.307134
-3.943853
 3.673620
 3.374316
 0.993095
-0.047718
 0.028307
 0.103364
 0.260924
 0.025478
 1.057772
 0.050567
 0.059769
 0.000000
 0.000000
 0.444008
 0.206905
-0.590383
-0.184023
-1.168974
 0.013747
-0.326590
 0.160026
 0.009543
 0.189394
 1.309593
-0.450240
-0.103667
 0.044152
-3.307134
-3.943853
 3.673620
 3.374316
 0.993095
-0.047718
 0.028307
 0.103364
 0.260924
 0.025478
 1.057772
 0.050567
 0.059769
 0.000000
 0.000000
 0.444008
 0.206905
-0.590383
-0.184023
-1.168974
 0.013747
-0.326590
 0.160026
 0.009543
 0.189394
 1.309593
-0.450240
-0.103667
 0.044152
-3.307134
-3.943853
 3.673620
 3.374316
 0.993095
-0.047718
 0.028307
 0.103364
 0.260924
 0.025478
 1.057772
 0.050567
 0.059769
 0.000000
 0.000000
 0.444008
 0.206905
-0.590383
-0.184023
-1.168974
 0.013747
-0.326590
 0.160026
 0.009543
 0.189394
 1.309593
-0.450240
-0.103667
 0.044152
-3.307134
-3.943853
 3.673620
 3.374316
 0.993095
-0.047718
 0.028307
 0.103364
 0.260924
 0.025478
 1.057772
 0.050567
 0.059769
 0.000000
 0.000000
 0.444008
 0.206905
-0.590383
-0.184023
-1.168974
 0.013747
-0.326590
 0.160026
 0.009543
 0.189394
 1.309593
-0.450240
-0.103667
 0.044152
-3.307134
-3.943853
 3.673620
 3.374316
 0.993095
-0.047718
 0.028307
 0.103364
 0.260924
 0.025478
 1.057772
 0.050567
 0.059769
 0.000000
 0.000000
 0.444008
 0.206905
-0.590383
-0.184023
-1.168974
 0.013747
-0.326590
 0.160026
 0.009543
 0.189394
 1.309593
-0.450240
-0.103667
 0.044152
-3.307134
-3.943853
 3.673620
 3.374316
 0.993095
-0.047718
 0.028307
 0.103364
 0.260924
 0.025478
 1.057772
 0.050567
 0.059769
 0.000000
 0.000000
 0.444008
 0.206905
-0.590383
-0.184023
-1.168974
 0.013747
-0.326590
 0.160026
 0.009543
 0.189394
 1.309593
-0.450240
-0.103667
 0.044152
-3.307134
-3.943853
 3.673620
 3.374316
 0.993095
-0.047718
 0.028307
 0.103364
 0.260924
 0.025478
 1.057772
 0.050567
 0.059769
 0.000000
 0.000000
 0.444008
 0.206905
-0.590383
-0.184023
-1.168974
 0.013747
-0.326590
 0.160026
 0.009543
 0.189394
 1.309593
-0.450240
-0.103667
 0.044152
-3.307134
-3.943853
 3.673620
 3.374316
 0.993095
-0.047718
 0.028307
 0.103364
 0.260924
 0.025478
 1.057772
 0.050567
 0.059769
 0.000000
 0.000000
 0.444008
 0.206905
-0.590383
-0.184023
-1.168974
 0.013747
-0.326590
 0.160026
 0.009543
 0.189394
 1.309593
-0.450240
-0.103667
 0.044152
-3.307134
-3.943853
 3.673620
 3.374316
 0.993095
-0.047718
 0.028307
 0.103364
 0.260924
 0.025478
 1.057772
 0.050567
 0.059769
 0.000000
 0.000000
 0.444008
 0.206905
-0.590383
-0.184023
-1.168974
 0.013747
-0.326590
 0.160026
 0.009543
 0.189394
 1.309593
-0.450240
-0.103667
 0.044152
-3.307134
-3.943853
 3.673620
 3.374316
 0.993095
-0.047718
 0.028307
 0.103364
 0.260924
 0.025478
 1.057772
 0.050567
 0.059769
 0.000000
 0.000000
 0.444008
 0.206905
-0.590383
-0.184023
-1.168974
 0.013747
-0.326590
 0.160026
 0.009543
 0.189394
 1.309593
-0.450240
-0.103667
 0.044152
-3.307134
-3.943853
 3.673620
 3.374316
 0.993095
-0.047718
 0.028307
 0.103364
 0.260924
 0.025478
 1.057772
 0.050567
 0.059769
 0.000000
 0.000000
 0.444008
 0.206905
-0.590383
-0.184023
-1.168974
 0.013747
-0.326590
 0.160026
 0.009543
 0.189394
 1.309593
-0.450240
-0.103667
 0.044152
-3.307134
-3.943853
 3.673620
 3.374316
