-0.000036
-0.002022
0.000626
0.000088
0.000449
-0.000107
-0.000086
-0.000152
-0.000004
-0.000062
0.000268
-0.000087
-0.000173
0.000055
-0.000142
-0.000151
0.000099
-0.000172
-0.000075
0.000127
-0.000119
0.000330
-0.000197
-0.001624
0.000501
-0.001638
0.001859
0.000501
-0.001638
0.001859
0.000932
-0.002249
-0.000101
-0.000349
0.000169
0.000419
-0.000129
0.000245
-0.000071
-0.000130
0.000256
-0.000095
-0.000039
0.000005
-0.000033
-0.000045
0.000140
-0.000022
0.000003
-0.000039
-0.000026
0.000028
-0.000107
-0.000088
-0.000053
0.000059
-0.000414
0.000089
-0.000140
0.000159
-0.000075
0.000020
-0.000672
0.000129
0.000058
0.000656
-0.000027
0.000108
0.000001
-0.000050
-0.000115
-0.000213
-0.000099
-0.000057
-0.000219
-0.000045
-0.000018
-0.000099
-0.000085
0.000002
-0.000166
0.000044
0.000062
-0.000516
0.000533
0.000374
0.001971
0.000533
0.000374
0.001971
0.000085
0.001069
0.001286
-0.000089
-0.000232
-0.000098
-0.000012
-0.000030
0.000140
0.000003
-0.000003
-0.000029
-0.000005
0.000002
-0.000003
-0.000010
0.000011
0.000011
0.000002
0.000020
-0.000018
0.000002
0.000004
-0.000021
0.000027
0.001796
-0.000447
0.000027
0.001796
-0.000447
