-8.002234
-25.461559
52.169403
-6.768596
-27.382233
60.794484
-2.703901
-28.235827
59.285600
1.294563
-27.130275
56.502872
6.208333
-24.667698
51.731080
11.784149
-21.557265
51.623488
16.940168
-17.183373
53.840454
20.527875
-12.438944
53.522770
23.934210
-5.436413
44.556039
4.696533
4.696533
2.213967
-13.593028
10.454837
45.127211
-13.775790
21.670623
98.198492
-7.725815
18.213741
88.809090
-5.075378
14.330092
71.311167
-3.300814
12.827595
57.715877
-2.203421
12.797103
47.951768
-1.683736
13.008356
40.888547
-2.544108
14.404126
38.894098
-1.359320
16.206049
38.396666
-0.998310
21.459301
58.173300
-0.147288
19.344479
47.148547
2.872399
23.470897
63.409534
1.503812
17.628141
44.874708
3.981845
16.651932
45.480921
7.021478
15.555567
52.738460
11.593975
15.341215
65.343452
15.954429
14.915084
76.505836
19.610536
15.141687
81.849160
19.446758
10.821349
66.473487
0.491371
-2.710986
1.277971
-9.893170
-11.952607
45.740409
-6.855017
-17.246033
71.183470
-1.027723
-14.196046
58.908325
-0.386423
-10.384085
49.886300
-0.403553
-11.399048
48.257828
-1.275421
-12.978343
48.721442
-2.560559
-15.516125
53.727410
-2.767373
-18.373589
59.547665
-2.935672
-19.963313
62.922178
-2.784578
-21.206591
64.822074
