-7.595428
-26.732557
58.173300
-4.697293
-27.828070
59.303030
-0.705392
-27.789405
58.090603
3.834390
-25.956019
53.811826
9.122497
-23.143605
51.564085
14.492953
-19.284022
52.733881
18.739697
-14.790628
53.882971
22.332262
-9.077412
50.606813
14.931651
-0.789631
20.665201
14.931651
-0.789631
20.665201
-13.932431
15.513720
71.356609
-10.511672
20.055765
93.699085
-6.279572
16.200704
79.908200
-4.166628
13.523277
64.418163
-2.776477
12.803404
52.548187
-1.970443
12.853221
44.465206
-2.130407
13.668521
39.915100
-1.938385
15.296482
38.167902
-1.065265
18.788125
48.700579
-0.613132
20.340041
52.089555
1.545939
21.336769
55.634933
1.976090
20.583348
53.569422
2.774654
17.196848
45.208431
5.556112
16.097736
49.343257
9.348692
15.427565
59.456382
13.701066
15.054809
71.092877
17.603549
14.983310
79.321840
19.442386
13.064238
74.230169
11.198283
4.694378
33.979757
11.198283
4.694378
33.979757
-7.878375
-14.001462
56.674474
-3.650585
-15.628990
64.422412
-0.779360
-12.263949
54.909235
-0.367133
-10.851908
48.960875
-0.854232
-12.147011
48.492258
-1.987619
-14.235051
51.353963
-2.712561
-16.933986
56.782065
-2.868602
-19.101400
61.299952
-2.861489
-20.529236
64.087645
-2.861489
-20.529236
64.087645
