0.4843
0.8260
0.8225
-0.5773
-0.4686
-0.6519
0.5473
-0.6718
0.3693
-0.5730
-0.3858
-0.3384
0.3175
0.5969
0.0444
-0.7789
-0.3804
-0.3235
-0.1100
0.8804
0.1922
-0.9579
0.5846
-0.8992
0.0696
-0.9333
-0.4190
0.7252
-0.4342
0.4143
-0.1186
0.4728
0.3125
0.6117
-0.4274
-0.3204
-0.6856
0.3042
-0.9696
0.9694
0.1757
-0.0516
-0.8394
-0.9710
0.0692
0.0174
0.0050
-0.2486
0.0724
-0.6078
0.9250
-0.0823
0.3724
-0.2373
0.2475
-0.2676
0.3820
0.3305
-0.4987
0.7582
0.4392
0.9487
0.0886
0.6462
-0.8788
-0.4392
0.9545
-0.0721
0.6657
-0.3691
-0.7044
0.9465
-0.4946
-0.3354
0.2740
-0.3997
-0.0694
0.8744
0.1292
0.5930
0.6263
0.4574
0.3710
-0.2836
-0.7462
0.7432
0.5785
-0.9886
-0.8504
0.3491
0.3474
-0.5227
0.9717
0.8496
-0.3772
0.3335
-0.4922
0.2188
-0.5374
0.8458
0.8139
0.8295
-0.1479
-0.1480
0.6047
-0.3561
-0.0184
-0.5776
-0.6314
0.4913
-0.5753
-0.3027
0.8374
-0.8449
-0.9723
-0.7980
-0.9865
0.7141
-0.3945
0.7201
-0.3476
-0.0356
0.1395
0.3314
0.4974
0.9780
-0.3398
0.3573
0.9045
0.7624
-0.6841
0.3740
-0.2943
-0.5215
-0.9327
0.8679
-0.6583
0.6506
0.2773
-0.8628
-0.7148
-0.2235
0.7334
-0.7189
-0.8022
0.3900
-0.8412
0.4191
0.0358
-0.8132
0.6217
0.2600
0.6751
0.8560
0.8105
0.6033
0.1790
-0.8270
-0.5922
-0.6833
-0.6482
0.2499
-0.2395
-0.3847
0.5150
0.9689
0.5443
0.4395
-0.3970
-0.8417
0.2090
-0.3743
0.1673
0.9614
-0.8870
0.7179
-0.7227
-0.0725
0.1174
0.0427
0.1742
0.4693
-0.1832
-0.4381
0.1841
0.1108
-0.2588
-0.5102
-0.1328
-0.0822
-0.7577
0.9655
0.7893
0.3065
-0.2845
0.2422
0.8039
0.9635
0.6018
-0.2899
-0.1083
-0.4796
-0.6707
-0.5461
0.4811
-0.3935
0.2389
0.5754
-0.8225
-0.5553
-0.3732
0.5572
-0.7045
0.2110
0.3984
0.9272
0.9181
-0.4375
-0.2934
-0.9781
0.7756
0.0163
0.6496
-0.0142
0.2856
0.0156
0.9604
0.6010
0.4671
0.3495
-0.2522
0.6874
-0.3311
-0.9553
0.9130
0.4037
0.3143
0.2171
-0.2192
-0.9875
-0.6752
-0.9867
0.7826
0.9252
-0.0622
0.9679
0.3386
0.9507
-0.5315
0.1564
0.9621
-0.7950
0.9043
0.6890
0.8840
-0.1521
0.0494
0.9602
-0.3974
0.3667
-0.0182
-0.8208
0.9668
0.7276
0.4655
0.5399
0.4357
0.2196
0.2088
-0.8134
0.2581
-0.8451
0.2537
-0.8645
-0.3624
-0.4455
0.3937
0.5507
-0.9384
0.1169
0.8383
0.2815
0.3770
0.7191
0.0785
-0.6999
0.7468
0.4729
-0.1255
-0.2343
0.6725
0.1015
-0.6871
0.8460
-0.7662
0.7464
0.6614
-0.2303
-0.6685
-0.0672
0.1463
0.7090
-0.0982
-0.8741
