0.860039
0.951419
-0.183505
-0.977191
-0.214863
0.00885983
-0.834436
-0.866269
0.461252
-0.962539
-0.089516
0.0438715
0.277985
0.347593
0.533862
-0.80267
0.353016
-0.103958
-0.386847
0.856441
-0.927476
0.623542
-0.270445
-0.0764166
0.752069
0.91263
-0.673844
-0.596699
0.720801
0.809688
-0.444599
-0.138408
-0.422619
0.6869
0.915442
-0.664566
-0.565255
0.440674
0.200961
0.0871839
-0.0336225
-0.486777
-0.346254
0.715934
0.471468
-0.918515
-0.0476237
-0.705321
0.866495
-0.207622
-0.334798
-0.353807
0.588291
0.420122
-0.538612
0.729536
-0.912488
-0.208988
0.785412
0.838211
0.873734
-0.544647
0.644948
0.140263
-0.296855
-0.522186
-0.0838263
-0.403642
0.921015
-0.610349
-0.00668725
-0.866457
-0.503573
-0.00543059
0.159495
-0.624704
-0.658225
-0.0592833
-0.216756
0.101962
-0.479187
-0.968986
-0.379292
0.693278
-0.580419
-0.823321
-0.421422
0.601102
0.537479
0.939055
0.23526
-0.954645
-0.352893
-0.839239
-0.714637
0.607522
0.292772
-0.0925933
0.215743
0.89735
0.931319
0.678119
-0.752979
0.734353
-0.865495
0.173215
-0.479827
-0.834983
-0.644431
0.0507218
0.754066
0.993166
0.180559
-0.340744
-0.853489
0.357972
0.490071
0.855801
-0.48977
0.624208
-0.609227
0.15692
-0.408477
0.917509
0.643165
-0.619119
0.728986
-0.3186
-0.151988
-0.834205
0.761673
-0.419298
0.13478
0.0937035
0.216814
0.630838
-0.0387962
0.630954
0.534401
-0.459493
-0.588107
-0.762119
-0.367017
-0.741549
-0.752737
0.349897
0.422663
-0.418941
0.862538
0.627604
0.314375
0.559569
-0.343459
0.0974563
0.601976
0.0393354
-0.65081
-0.607409
0.853915
-0.510259
-0.559728
0.89358
0.737029
-0.476295
0.728363
-0.138787
0.235415
0.276369
-0.5177
0.571498
-0.0736718
-0.798046
-0.778335
0.602075
0.161825
0.145193
-0.939891
-0.250483
0.592709
-0.30415
0.605445
-0.872766
0.349111
0.720422
0.0708122
0.540904
0.783365
0.0865258
0.525833
0.709363
-0.142166
0.471819
-0.0140799
-0.89052
0.739909
0.137275
0.771251
-0.197309
-0.058804
-0.409881
-0.285405
0.888531
0.829254
-0.954814
-0.331354
-0.429209
-0.28137
0.706214
-0.982399
-0.218837
-0.490208
0.000297189
-0.251859
-0.761168
-0.0181614
0.224929
-0.351122
0.498972
-0.530073
-0.917253
0.681247
-0.970434
-0.225125
-0.657014
-0.37243
0.136961
0.798501
-0.721828
-0.728648
0.188581
0.741909
-0.0370599
0.521747
-0.162033
0.819847
0.971653
-0.411118
-0.456495
0.101352
-0.522057
-0.692124
-0.0280091
-0.872502
0.747303
-0.873716
-0.929723
-0.610656
0.410957
-0.531448
-0.713549
-0.892788
0.73305
-0.766468
-0.484433
0.541099
0.738136
-0.87815
0.796374
-0.585627
0.588158
0.470734
0.578714
-0.394774
0.014603
-0.524078
-0.677434
0.220066
-0.418586
-0.536329
0.127085
-0.901718
-0.451218
-0.263277
-0.591427
-0.8015
-0.07789
0.0105012
0.325827
-0.285034
0.965516
-0.291388
-0.726779
0.0660905
0.421892
0.925987
-0.956209
-0.915168
-0.15406
-0.796953
-0.538023
0.834506
-0.295072
0.655744
0.537077
0.551083
-0.0922513
-0.435281
0.285984
-0.042326
0.820944
0.0850808
-0.349064
-0.677786
0.471896
