1
0
0
0
-0.0857246
0.0348594
0.0221996
0.0417055
0.0106792
-0.0793746
-0.00926282
0.0678822
-0.0684849
-0.0520428
-0.0940195
-0.0841724
0.0400127
-0.0304573
0.0927699
-0.0321126
-0.0641051
0.0324507
-0.0469372
-0.0585492
0.00196616
0.0970491
-0.0035195
0.0984771
0.0304591
1
0
0
0
-0.0510009
-0.00806543
-0.024774
-0.00304375
-0.00208488
-0.00894641
-0.0630311
0.0674578
-0.0161765
0.00485633
-0.0966473
-0.0837259
0.0579191
-0.0551965
0.0182403
0.0549682
0.041284
0.0167174
-0.0145726
0.0272879
0.0118593
0.0670769
0.0295689
0.090373
-0.0320371
1
0
0
0
-0.0126886
-0.014894
0.0848624
0.0921677
-0.0115413
-0.0988634
0.0500868
0.0332621
0.0193769
0.00505505
-0.0254539
-0.0639058
0.0904824
-0.0981659
0.0479535
0.0575593
0.0314029
0.0383265
-0.0744778
-0.0224718
0.0420727
0.0165706
0.0819153
-0.0301289
-0.0486701
1
0
0
0
-0.0847899
0.0140792
-0.0322699
0.0202651
0.0886253
0.00382434
0.0107475
0.0904593
-0.0482222
-0.0316932
0.0218623
0.0901044
-0.00617105
0.0993904
0.032177
-0.0896005
0.0813058
-0.0979518
-0.0382706
0.0166073
-0.00834765
0.0230447
0.00225139
-0.0010953
-0.0146011
1
0
0
0
-0.0134472
-0.0347561
-0.0956989
0.0548596
0.0871061
0.0944054
-0.0513115
0.0864966
0.0265825
-0.040912
0.0678023
0.0286306
0.0208174
-0.0155903
-0.079717
-0.0561379
0.0866611
0.0191877
0.029261
0.0618679
0.0104507
0.0618765
-0.097802
-0.0174692
0.0428453
1
0
0
0
0.0236442
-0.0176789
-0.0306436
0.0827322
-0.0498766
0.0979871
0.00354961
0.0345331
-0.0817299
0.0474117
0.0211942
0.0374578
-0.0233274
-0.0169379
-0.0520915
-0.0614508
-0.0147399
0.0304393
0.0813945
0.0429982
-0.000870665
0.0729387
0.0765416
0.0426039
0.0170061
1
0
0
0
0.0815194
-0.0858755
-0.00623795
0.0289311
0.0353186
-0.0687802
-0.0943962
-0.0816193
-0.0208717
-0.055847
0.00364082
-0.0904324
-0.0744526
-0.053361
0.00869696
0.0984861
-0.0768193
-0.0486992
0.0154922
0.0198184
0.00262309
0.0808668
-0.00858816
-0.0502301
0.0890153
1
0
0
0
0.0806737
0.0266529
0.0461224
-0.0751734
-0.0697063
0.05569
-0.0496259
-0.0230672
-0.035613
-0.0511398
0.000113432
0.0156878
0.0643524
-0.0800682
-0.0816891
0.0452192
0.0113437
-0.0319192
0.0342345
-0.00200685
0.0473186
-0.0992453
0.0626125
0.00614767
0.0427669
1
0
0
0
-0.0603046
-0.0787472
-0.0882653
-0.0114444
0.0213663
0.0274225
-0.047092
0.0412981
0.0457334
0.0981271
-0.0473582
-0.0861858
0.0323616
0.0506349
0.0611328
0.0331163
0.0132474
-0.0327196
-0.0241168
0.0219986
0.0463817
-0.0455756
0.00581971
0.0337551
-4.02888e-05
1
0
0
0
-0.0592052
-0.0239813
0.0238556
-0.061078
0.0286605
0.0376698
0.0712836
-0.0207046
-0.00119745
0.00439991
0.0925428
0.066083
0.0802832
0.0145414
0.0124646
-0.0652924
-0.0796389
-0.0537803
0.0346673
-0.00932439
-0.00599886
-0.0737153
0.0503115
-0.0138974
-0.0347503
1
0
0
0
-0.01147
0.0181521
-0.0456004
0.0929299
0.0106949
-0.0795174
0.0732131
-0.0747636
0.0329472
-0.0920793
-0.0544025
0.0791669
0.042588
0.0362731
-0.0268319
0.0688727
-0.0134154
0.0592707
-0.0658776
0.0362273
-0.0412724
0.0500719
0.0737569
-0.00709483
-0.0558565
1
0
0
0
-0.0759992
-0.00395848
-0.0745027
-0.0680786
0.041639
-0.0953357
0.0745094
-0.0220878
-0.0221677
0.0433821
0.0644967
-0.0628969
0.0775044
0.000724052
-0.0041693
0.0275763
-0.025519
0.0887359
0.0717198
0.0265623
0.0918373
-0.0662094
-0.00410992
-0.0662047
-0.0485415
1
0
0
0
-0.0650329
0.0803034
0.02407
0.0783492
0.0448002
0.061173
0.0558536
-0.0544758
-0.0429963
-0.0165701
0.0200052
-0.0542604
-0.0448503
-0.0534325
-0.0624231
-0.0110597
0.0424576
-0.0286278
0.0403988
-0.00379459
-0.0347222
-0.0360752
0.000740946
0.0299885
-0.0199991
1
0
0
0
0.0589048
0.0637597
0.0100586
-0.0576653
-0.0162352
0.0557982
-0.00251554
0.0303323
0.0933751
0.0864248
-0.0272101
-0.0352527
0.0268236
0.0689953
0.0300251
0.0907484
-0.0302638
-0.0399864
-0.0292507
0.0990135
0.0507542
0.0923235
0.0887484
0.0438861
0.0601354
1
0
0
0
0.0152258
-0.0865862
0.0643042
0.00165058
-0.0137963
-0.0709485
-0.0715258
-0.0448011
0.0590766
-0.0807774
0.0249352
-0.0809098
-0.0100281
0.0239486
0.0698444
-0.0177046
0.0126971
0.0137305
-0.0575692
0.0261476
-0.068948
-0.00555192
0.0426493
-0.033391
0.0995203
1
0
0
0
0.0811478
0.00382344
0.0380124
-0.0996296
-0.0712414
0.0571026
-0.00965777
0.0527072
0.026947
0.0726376
-0.0345957
-0.0593225
-0.0849316
0.0915518
-0.0282705
0.0095165
0.0342011
0.0383385
0.00903676
-0.047743
-0.0957359
0.0236878
0.0880543
0.0532712
0.00926798
1
0
0
0
-0.0363887
-0.0503942
-0.0398499
-0.0637511
0.0150101
0.000827599
-0.0486827
0.00656194
0.0725571
0.0608338
-0.0592369
0.0108957
-0.0301295
-0.00697988
0.0151598
0.0935584
-0.0189256
-0.031569
0.00282636
0.0201516
0.084123
0.0619786
0.0119025
0.0484395
-0.0999333
1
0
0
0
-0.0907524
0.0846558
-0.0570948
0.0700814
-0.0745811
0.0538008
-0.0600481
0.0184391
-0.0310394
-0.0664897
0.0995134
0.0373916
0.0363367
0.0196651
0.0215145
-0.00168469
-0.0684324
-0.030046
-0.00161795
0.0163688
-0.0134665
-0.0254507
0.0744389
-0.0999885
0.0839197
1
0
0
0
-0.0266684
0.0697031
-0.0105453
0.00684189
0.0692165
-0.0731537
-0.0568215
-0.0111184
0.0483608
0.0414939
0.0204492
-0.0816851
-0.0601241
-0.063182
0.00484839
0.0144252
-0.0887431
0.00485993
-0.00165513
0.0073773
-0.0320447
-0.048215
0.061428
0.00914457
-0.024427
1
0
0
0
-0.0185421
-0.085945
-0.0725778
-0.0770482
0.0345043
-0.0542629
-0.0371723
0.0713222
0.0505855
0.0772529
0.0825792
-0.0445546
-0.0244022
-0.0100435
0.0234007
0.0273828
-0.0486155
-0.0674547
-0.0970442
-0.0238893
0.067535
0.0452221
0.0342166
0.0537888
0.00798252
1
0
0
0
-0.028829
0.0548006
-0.0369961
-0.0515761
0.0373797
0.0184494
0.0240217
-0.0726638
-0.0581499
-0.0485955
-0.0212793
-0.0256046
-0.0456397
0.0548314
-0.0580695
0.0995824
-0.010952
0.0957192
0.00756491
0.0547022
0.00546485
-0.0322374
-0.0413643
0.0403839
0.0070216
1
0
0
0
-0.00401287
-0.00764715
0.00942479
0.0473916
0.0710735
0.0838202
-0.0982481
0.0259049
-0.0742493
-0.0986657
-0.0850471
-0.0785301
0.00889919
0.0696551
0.0269348
0.0766617
-0.0717092
-0.0326813
-0.0163167
-0.027682
-0.0433234
-0.0426138
0.0246885
-0.0704871
0.0435076
1
0
0
0
-0.034674
-0.0885023
-0.0207968
-0.0333397
-0.0735494
0.000673124
0.0755595
0.0961057
-0.0723921
0.0522212
-0.0756035
-0.00507343
-0.0640954
-0.00328545
0.0516032
-0.0067092
-0.078597
0.0811161
-0.0632016
-0.030367
0.038266
0.0294312
-0.0101716
0.0604324
-0.0103614
1
0
0
0
0.0771308
0.0945986
-0.0797924
0.0293521
-0.0810048
0.0151342
0.0652566
0.0157097
-0.0332626
-0.0414526
0.0371128
-0.0521465
-0.00465423
-0.0932542
0.0861195
-0.0752231
-0.00342582
0.0465519
0.0144156
0.00258511
-0.0784963
-0.0263135
0.0721702
0.0820482
-0.0135901
1
0
0
0
0.0803921
-0.0181132
0.0730155
-0.0610605
-0.0810004
-0.0791309
0.0342853
-0.0742547
-0.0930114
0.0590622
0.0223195
0.0535405
-0.0265222
-0.0750954
0.0750441
0.0471643
0.0970748
0.0570923
-0.0664258
0.00415601
0.0111828
-0.0880892
-0.0871914
-0.0362339
0.082847
1
0
0
0
-0.0326556
0.00375683
-0.0188578
-0.0735933
-0.0739236
-0.0653173
-0.000115517
-0.049019
-0.0902732
-0.0529512
-0.0519442
0.0668192
-0.0193769
0.0522118
-0.0219981
-0.00746616
0.0650204
0.041768
-0.0246191
-0.0363876
0.0527161
-0.0506282
0.0773399
0.0298412
0.0296409
1
0
0
0
0.0981541
-0.0523212
0.0826308
-0.054797
-0.00426543
0.0494499
0.025826
-0.0520536
-0.0725481
-0.0816401
-0.0870333
0.0692199
-0.00625925
-0.0234209
0.021936
0.0431126
-0.046081
-0.0482229
-0.0272465
0.0253785
-0.0593697
-0.0443211
0.0298971
0.00749487
0.012758
1
0
0
0
-0.0307872
-0.0338262
0.0834157
-0.0124273
-0.0208594
0.0526356
0.0813135
0.0557197
-0.0254284
0.024426
-0.0903613
0.0263487
0.0971795
0.0350171
0.066979
-0.0471416
-0.0350858
-0.0255261
0.0656164
-0.0333257
0.0525902
-0.0834044
0.066704
-0.0725957
-0.0595212
1
0
0
0
0.0463737
-0.0308412
-0.0864205
-0.0292003
-0.0212025
0.0399283
-0.0320208
-0.0861854
0.00690724
0.0208376
-0.0212712
0.0813811
-0.0135459
0.0454031
0.0339713
0.00304971
0.0121071
0.0613756
0.0435285
0.0769949
0.0112728
0.0905212
0.0852696
-0.0206025
0.0934778
1
0
0
0
0.0129698
0.0889061
0.0792731
-0.0661925
-0.0323651
0.0606542
0.0202615
-0.086962
-0.00537451
-0.0766888
0.0251451
-0.0439989
0.0668397
0.00214
0.0672739
0.057361
-0.0125904
-0.0533286
0.0508388
0.0501666
0.0603675
0.030689
0.0779838
0.0875027
-0.0504529
1
0
0
0
-0.0357959
0.0284673
-0.0110966
-0.0124846
-0.0463876
0.0449044
-0.0456449
0.0557524
0.0121783
-0.0882839
-0.0568381
0.0588497
0.0625549
0.0933285
0.0192172
-0.0067561
0.0713124
0.00671989
0.042791
0.0234871
0.0905166
0.0247756
0.0206525
-0.0505952
0.0791262
1
0
0
0
0.0808049
0.0504604
0.0530138
0.092521
0.0936224
0.0118636
0.0550759
0.0869509
-0.0689192
-0.0516802
0.0582633
0.0378007
0.0911108
-0.0182496
0.0283173
0.0158864
-0.0975971
0.077722
-0.00498742
-0.0668095
-0.0250789
0.00776241
-0.0920792
-0.0124505
0.0147901
1
0
0
0
0.00170681
0.0543869
0.0475149
0.0500266
0.0126502
-0.0146845
0.0411374
0.0944006
-0.0863672
-0.0429762
0.0968035
0.0913549
0.0520364
-0.0700059
-0.033724
-0.0402012
-0.0620851
0.0538255
0.0745889
-0.0152299
0.0824706
0.0853101
-0.0419249
-0.0941762
-0.0631332
1
0
0
0
0.0516867
-0.0914889
-0.0956653
-0.0912895
-0.0946854
0.0956895
0.0607469
-0.0646913
-0.0380345
-0.0794542
-0.0267764
-0.084209
0.0951347
0.0579936
0.0982616
0.0804448
-0.0839313
-0.0959145
-0.0826884
-0.0717463
0.0837229
-0.0412511
0.0870695
0.0307963
-0.0833797
1
0
0
0
0.0792856
-0.00449853
0.0746982
0.0998314
0.068725
0.0904892
0.0949661
0.0267187
0.0887508
0.0754108
0.0427874
0.0928363
0.0927224
0.0710411
0.0765592
-0.0485287
0.0581106
0.00735548
-0.0319083
-0.0942973
0.0396121
0.0900983
-0.0361558
0.0859792
0.00280683
1
0
0
0
-0.0337059
-0.0080047
-0.0134791
-0.0582951
-0.0652173
-0.0206429
-0.0655727
-0.0941762
-0.0440837
-0.0141013
0.0639343
0.0632718
0.0539904
0.0696371
0.00288387
0.0440887
-0.0665188
-0.011137
-0.0531045
0.00715353
0.0297204
-0.0332545
0.0993645
-0.0692295
0.0993282
1
0
0
0
-0.0153845
0.0252005
-0.0738266
0.0705141
-0.0108652
0.0894452
0.0245045
-0.0412281
-0.00767096
-0.0314068
-0.00774693
0.0811921
0.0154888
0.0994066
0.0109124
0.0822343
0.0987711
0.0416829
0.0815625
-0.0303677
0.069005
-0.0118284
-0.0881785
0.0616037
-0.00744935
1
0
0
0
-0.049873
-0.0613185
-0.0383447
0.0187202
0.0309346
-0.0571526
-0.065791
0.0303412
0.0537598
-0.0835567
0.0291123
-0.00455728
0.0980058
0.0987446
-0.0355523
-0.0138226
-0.0894339
-0.0739486
0.0787281
-0.0691292
-0.0277509
0.0621787
0.00136365
-0.0621765
0.0158863
