 19.486475
 -0.918917
 -3.336268
 -4.592251
-12.433296
  0.000638
  2.189945
  3.609447
 18.682206
 -0.940822
 -1.411849
 -3.111604
-10.227574
 -0.443411
  1.090847
  2.937510
14.604597
-0.409950
 1.086677
 0.234695
-7.428897
-0.398874
-0.897271
 1.022397
10.542547
-0.403942
 5.107425
 5.662723
-3.613295
-0.411393
-4.601403
-2.799004
 5.127079
-0.625671
 7.793786
10.226082
-1.114101
-0.450608
-6.114262
-5.092908
-6.860069
 1.489089
 0.582372
 2.745799
-9.284071
 1.733807
-0.576406
-7.356173
-2.295563
 0.657863
-0.701442
 1.967745
-7.102047
 0.833993
 1.053913
-3.701723
 3.655563
-0.792406
-0.599137
 0.715469
-8.589700
 0.268216
 0.843415
-1.881886
  8.137066
 -1.415376
  0.949041
  1.216680
-11.600470
 -0.083396
 -0.384732
 -2.023963
  8.218372
 -0.882873
  1.445190
  2.487423
-15.356632
 -0.291640
 -0.144400
 -1.397252
  7.327147
 -0.571419
  1.171844
  2.191074
-14.281725
 -0.329365
  0.207792
  0.089729
  4.563757
 -0.214954
 -0.257069
  0.435025
-10.491503
 -0.291947
  1.723012
  2.616574
-1.788317
 0.484083
-2.156711
-0.849064
-8.432821
-0.315775
 4.251572
 8.140014
-4.359475
 0.334820
-2.225526
-1.538432
-4.335893
-0.168535
 4.307170
 9.276809
 4.818468
-0.562829
 0.812564
-2.441631
 6.490721
-0.784587
-2.042209
-2.255706
 3.703086
-0.248164
 1.092052
-0.177932
 2.337238
-0.327042
-1.421720
-0.818641
 7.356804
-0.177398
-0.319281
-0.932044
-1.637037
 0.214789
 0.002706
 0.952261
11.914323
-0.424264
-0.882825
-2.066269
-3.840890
 0.140546
 0.253109
 1.748889
13.760507
-0.751729
-0.619101
-2.699512
-4.777441
-0.097216
 0.137043
 2.148112
13.760507
-0.751729
-0.619101
-2.699512
-4.777441
-0.097216
 0.137043
 2.148112
13.760507
-0.751729
-0.619101
-2.699512
-4.777441
-0.097216
 0.137043
 2.148112
13.760507
-0.751729
-0.619101
-2.699512
-4.777441
-0.097216
 0.137043
 2.148112
13.760507
-0.751729
-0.619101
-2.699512
-4.777441
-0.097216
 0.137043
 2.148112
13.760507
-0.751729
-0.619101
-2.699512
-4.777441
-0.097216
 0.137043
 2.148112
13.760507
-0.751729
-0.619101
-2.699512
-4.777441
-0.097216
 0.137043
 2.148112
13.760507
-0.751729
-0.619101
-2.699512
-4.777441
-0.097216
 0.137043
 2.148112
13.760507
-0.751729
-0.619101
-2.699512
-4.777441
-0.097216
 0.137043
 2.148112
13.760507
-0.751729
-0.619101
-2.699512
-4.777441
-0.097216
 0.137043
 2.148112
13.760507
-0.751729
-0.619101
-2.699512
-4.777441
-0.097216
 0.137043
 2.148112
13.760507
-0.751729
-0.619101
-2.699512
-4.777441
-0.097216
 0.137043
 2.148112
13.760507
-0.751729
-0.619101
-2.699512
-4.777441
-0.097216
 0.137043
 2.148112
13.760507
-0.751729
-0.619101
-2.699512
-4.777441
-0.097216
 0.137043
 2.148112
13.760507
-0.751729
-0.619101
-2.699512
-4.777441
-0.097216
 0.137043
 2.148112
13.760507
-0.751729
-0.619101
-2.699512
-4.777441
-0.097216
 0.137043
 2.148112
13.760507
-0.751729
-0.619101
-2.699512
-4.777441
-0.097216
 0.137043
 2.148112
13.760507
-0.751729
-0.619101
-2.699512
-4.777441
-0.097216
 0.137043
 2.148112
13.760507
-0.751729
-0.619101
-2.699512
-4.777441
-0.097216
 0.137043
 2.148112
13.760507
-0.751729
-0.619101
-2.699512
-4.777441
-0.097216
 0.137043
 2.148112
