 6.8607
 0.4505
-1.2191
-2.4786
 0.6316
 0.0962
 0.1718
 1.3270
 6.9446
 0.4563
-1.0219
-2.6414
 0.6592
 0.1422
 0.1509
 1.3382
 7.0433
 0.2622
-0.9114
-2.6238
 0.8822
 0.0845
 0.0644
 1.3108
 7.2606
 0.1192
-0.5550
-2.6614
 1.2087
 0.1214
-0.0124
 1.3098
 7.3747
-0.0479
-0.1751
-2.6262
 1.4997
 0.0960
-0.1200
 1.2872
 7.1701
-0.2471
 0.1839
-2.4885
 1.4026
 0.0708
-0.1766
 1.1811
 6.2253
-0.3812
 0.4161
-2.0743
 0.6906
-0.0202
-0.1740
 0.9649
 4.6154
-0.4473
 0.4974
-1.4219
-0.8417
-0.0335
-0.0736
 0.5042
 2.4189
-0.3701
 0.5538
-0.6586
-2.8918
-0.1785
 0.0205
 0.0839
-0.1657
 0.1559
 0.7285
 0.4627
-5.4583
 0.0797
 0.5761
-0.6071
-1.3990
 0.2875
 0.5560
 1.1371
-6.9503
 0.1388
 1.1422
-1.4657
-1.0704
 0.1825
 0.5018
 0.8427
-7.0159
 0.3328
 0.9021
-1.4271
-0.5824
 0.0900
 0.3433
 0.6876
-6.7946
 0.5059
 0.9733
-1.4650
-0.3223
 0.0498
 0.2945
 0.5756
-6.7734
 0.6833
 1.0369
-1.4858
-0.2313
 0.0227
 0.1891
 0.4869
-6.7508
 0.8289
 1.1283
-1.5640
-0.2746
 0.1329
 0.1307
 0.4853
-6.6617
 0.9277
 1.1334
-1.7081
-0.3495
 0.2409
 0.1248
 0.5537
-6.5578
 0.9981
 1.0528
-1.9116
-0.3510
 0.2327
 0.1877
 0.6333
-6.6123
 1.0543
 0.9297
-2.1399
-0.2664
 0.1088
 0.2543
 0.7048
-6.8858
 1.1313
 0.8319
-2.3863
-0.1600
-0.0286
 0.3286
 0.7670
-7.2615
 1.2097
 0.7663
-2.6437
-0.1165
-0.1405
 0.3762
 0.7913
-7.5229
 1.2545
 0.7397
-2.8385
-0.1763
-0.0536
 0.3545
 0.8266
-7.5839
 1.2613
 0.7700
-2.9415
-0.3557
 0.0830
 0.2499
 0.7993
-7.5108
 1.2803
 0.8734
-2.9779
-0.5687
 0.1934
 0.0852
 0.6893
-7.2819
 1.2776
 1.0121
-2.9795
-0.3875
 0.1929
-0.1506
 0.4144
-6.6996
 1.1642
 1.1667
-2.7568
 0.5415
 0.1482
-0.2911
 0.2098
-5.5128
 0.9205
 1.1259
-2.1837
 2.3009
 0.0189
-0.2167
 0.0191
-3.6576
 0.5153
 0.6671
-1.2841
 4.4872
-0.0115
-0.1759
-0.1817
-1.3298
 0.0236
 0.1213
-0.2138
 6.6923
 0.0896
 0.0860
-0.4111
 0.6774
-0.3516
-0.2916
 0.7364
 7.4361
 0.4114
 0.2344
-0.6706
 1.1102
-0.2298
-0.6204
 0.7068
 7.2272
 0.4214
-0.0011
-0.6282
 0.5160
-0.1722
-0.5839
 0.2042
 7.1639
 0.4420
 0.0232
-0.7838
 0.1323
-0.1204
-0.6782
 0.1224
 7.2552
 0.4642
-0.0892
-0.9571
-0.0147
-0.1375
-0.6596
 0.1017
 7.2962
 0.5374
-0.1643
-1.1436
-0.1189
-0.0842
-0.7009
 0.1210
 7.2910
 0.6360
-0.2377
-1.2695
-0.2093
-0.0396
-0.6892
 0.1897
 7.2471
 0.7732
-0.2071
-1.3252
-0.2389
 0.0037
-0.6758
 0.2769
 7.2677
 0.8594
-0.0908
-1.3197
-0.2611
 0.0170
-0.7215
 0.3780
 7.2360
 0.9202
 0.0138
-1.3634
-0.2291
 0.0082
-0.7699
 0.4531
