 0.9982
-0.0089
 0.0591
 0.0029
-0.0000
 0.0394
 0.9303
-0.0752
-0.0125
 0.1368
-0.0518
-0.1952
-0.1863
 0.0090
 0.0267
-0.0975
-0.3825
-1.4072
 0.0936
 0.0397
-0.0438
 0.1450
-0.1419
 0.6576
 0.7557
-0.3032
-1.1096
 1.0915
 0.5115
 0.9984
-0.0102
 0.0535
-0.0141
 0.0024
 0.0400
 0.9288
-0.0664
-0.0124
 0.1299
-0.0354
-0.2131
-0.2145
 0.0501
 0.0414
-0.1667
-0.5756
-1.1790
 0.0754
 0.0048
-0.0651
 0.3949
 0.0490
-0.7581
 0.6128
-0.5173
-0.9292
 1.5254
 0.6291
 0.9985
-0.0116
 0.0445
-0.0295
 0.0043
 0.0397
 0.9269
-0.0550
-0.0094
 0.1025
-0.0197
-0.2230
-0.2366
 0.0899
 0.0595
-0.2215
-0.6988
-1.0294
 0.0753
-0.0266
-0.0713
 0.4706
 0.2214
-1.2927
 0.4496
-0.4129
-0.7180
 1.5507
 0.6508
 0.9984
-0.0146
 0.0353
-0.0425
 0.0066
 0.0386
 0.9251
-0.0412
-0.0000
 0.0634
-0.0111
-0.2343
-0.2532
 0.1317
 0.0756
-0.3224
-0.7063
-0.8922
 0.0982
-0.0580
-0.0603
 0.5322
 0.4572
-1.4920
 0.2586
-0.2536
-0.4797
 1.4075
 0.5411
 0.9980
-0.0186
 0.0255
-0.0544
 0.0097
 0.0365
 0.9238
-0.0265
 0.0152
 0.0250
-0.0047
-0.2337
-0.2625
 0.1628
 0.0887
-0.4019
-0.7174
-0.8362
 0.1328
-0.0956
-0.0291
 0.5599
 0.6771
-1.3177
 0.1855
 0.3112
-0.2213
 0.8633
 0.4303
 0.9974
-0.0235
 0.0159
-0.0659
 0.0139
 0.0333
 0.9236
-0.0112
 0.0362
-0.0065
-0.0011
-0.2152
-0.2651
 0.1760
 0.0988
-0.4297
-0.7135
-0.8323
 0.1794
-0.1408
 0.0122
 0.5494
 0.8471
-1.0131
 0.1096
 1.1300
 0.0425
 0.0472
 0.3143
 0.9966
-0.0278
 0.0061
-0.0778
 0.0195
 0.0288
 0.9244
 0.0017
 0.0591
-0.0291
 0.0019
-0.1705
-0.2610
 0.1631
 0.1065
-0.2799
-0.7226
-0.8997
 0.2324
-0.1949
 0.0407
 0.3689
 0.7963
-0.6375
 0.0967
 2.1602
 0.2135
-1.0008
 0.2915
 0.9955
-0.0282
-0.0036
-0.0908
 0.0265
 0.0227
 0.9254
 0.0063
 0.0761
-0.0413
 0.0047
-0.0986
-0.2535
 0.1219
 0.1143
 0.1370
-0.7584
-0.9858
 0.2844
-0.2549
 0.0243
-0.0855
 0.3830
-0.3044
 0.1763
 3.1255
 0.3693
-2.0200
 0.2314
 0.9942
-0.0205
-0.0132
-0.1050
 0.0348
 0.0150
 0.9251
-0.0070
 0.0748
-0.0471
 0.0124
-0.0038
-0.2430
 0.0553
 0.1200
 0.9926
-0.8290
-1.0889
 0.3257
-0.3216
-0.0673
-1.0134
-0.6063
-0.1103
 0.3312
 3.8459
 0.2399
-2.9010
 0.3472
 0.9924
 0.0022
-0.0245
-0.1205
 0.0434
 0.0054
 0.9207
-0.0525
 0.0379
-0.0465
 0.0211
 0.1089
-0.2361
-0.0312
 0.1312
 2.1712
-1.4787
-1.0959
 0.2839
-0.3783
-0.2770
-2.3673
-2.1887
 0.3117
 0.4805
 4.6175
 0.7828
-3.3833
 0.1413
 0.9893
 0.0223
-0.0354
-0.1397
 0.0505
-0.0023
 0.9154
-0.0916
 0.0022
-0.0233
 0.0609
 0.2046
-0.3079
-0.1017
 0.2362
 0.6127
-1.1221
-1.1297
 0.2082
-0.2131
-0.1568
-0.7374
-0.5374
 0.5683
 1.3148
 2.8268
-2.0826
-1.4824
 3.7709
 0.9871
 0.0281
-0.0514
-0.1490
 0.0551
-0.0071
 0.9117
-0.1067
-0.0048
-0.0230
 0.0831
 0.2543
-0.3324
-0.1089
 0.3089
 0.2572
-1.2611
-0.5656
 0.1441
-0.1602
-0.1334
-0.5996
-0.2543
-0.1150
 0.7199
 1.4311
-0.6204
 0.1478
 2.4085
 0.9848
 0.0362
-0.0664
-0.1566
 0.0590
-0.0114
 0.9080
-0.1278
-0.0169
-0.0223
 0.1048
 0.2929
-0.3611
-0.1119
 0.3819
 0.5571
-1.0517
-0.4912
 0.1459
-0.1506
-0.1275
-0.8587
-0.5427
 0.0023
 0.6915
 1.1989
-1.2378
-0.1410
 2.6942
 0.9828
 0.0450
-0.0776
-0.1611
 0.0630
-0.0152
 0.9050
-0.1498
-0.0313
-0.0243
 0.1178
 0.3182
-0.3914
-0.1143
 0.4472
 0.5445
-0.8246
-0.2307
 0.1517
-0.1346
-0.1044
-0.7792
-0.5506
-0.0601
 0.3492
 0.8500
-1.0690
-0.1966
 2.2400
 0.9813
 0.0540
-0.0863
-0.1631
 0.0672
-0.0187
 0.9023
-0.1700
-0.0471
-0.0249
 0.1253
 0.3407
-0.4205
-0.1244
 0.5049
 0.5724
-0.6401
-0.0216
 0.1576
-0.1244
-0.0873
-0.7102
-0.5990
-0.0435
 0.1800
 0.7411
-1.0577
-0.4778
 1.9906
 0.9805
 0.0628
-0.0922
-0.1619
 0.0715
-0.0219
 0.9003
-0.1874
-0.0632
-0.0262
 0.1277
 0.3574
-0.4477
-0.1387
 0.5541
 0.5473
-0.4473
 0.2238
 0.1628
-0.1142
-0.0671
-0.5583
-0.5956
 0.0273
 0.0071
 0.4960
-0.9606
-0.5743
 1.6643
 0.9803
 0.0710
-0.0955
-0.1579
 0.0759
-0.0248
 0.8987
-0.1995
-0.0791
-0.0207
 0.1260
 0.3670
-0.4727
-0.1542
 0.5953
 0.5134
-0.2669
 0.4403
 0.1660
-0.1016
-0.0495
-0.3279
-0.5804
 0.4008
-0.1227
 0.1888
-0.8965
-0.5373
 1.3906
 0.9807
 0.0786
-0.0963
-0.1512
 0.0805
-0.0274
 0.8976
-0.2055
-0.0944
-0.0046
 0.1215
 0.3677
-0.4961
-0.1673
 0.6296
 0.4703
-0.1037
 0.6284
 0.1711
-0.0857
-0.0336
-0.1363
-0.5532
 0.7629
-0.2089
-0.1207
-0.8384
-0.4486
 1.1516
 0.9815
 0.0855
-0.0950
-0.1423
 0.0853
-0.0295
 0.8969
-0.2082
-0.1091
 0.0173
 0.1151
 0.3607
-0.5179
-0.1787
 0.6576
 0.4315
 0.0507
 0.8049
 0.1838
-0.0688
-0.0157
-0.0928
-0.5279
 0.7704
-0.2584
-0.3957
-0.7660
-0.3976
 0.9179
 0.9828
 0.0919
-0.0916
-0.1312
 0.0905
-0.0311
 0.8968
-0.2116
-0.1229
 0.0339
 0.1082
 0.3477
-0.5365
-0.1901
 0.6787
 0.3924
 0.1670
 0.9540
 0.2034
-0.0496
 0.0069
-0.1747
-0.4986
 0.4128
-0.2380
-0.5344
-0.5947
-0.4722
 0.6358
 0.9843
 0.0978
-0.0870
-0.1185
 0.0963
-0.0321
 0.8973
-0.2182
-0.1361
 0.0375
 0.1028
 0.3333
-0.5491
-0.2054
 0.6916
 0.3589
 0.2320
 1.0588
 0.2279
-0.0265
 0.0331
-0.3173
-0.4748
-0.1831
-0.1587
-0.5110
-0.3200
-0.6705
 0.3111
 0.9857
 0.1033
-0.0817
-0.1047
 0.1028
-0.0325
 0.8985
-0.2281
-0.1488
 0.0264
 0.0997
 0.3205
-0.5536
-0.2259
 0.6956
 0.3364
 0.2608
 1.1152
 0.2519
 0.0017
 0.0590
-0.3977
-0.4675
-0.5415
-0.0691
-0.4430
-0.0113
-0.8218
-0.0090
 0.9870
 0.1084
-0.0762
-0.0904
 0.1099
-0.0320
 0.9005
-0.2389
-0.1613
 0.0127
 0.0993
 0.3089
-0.5493
-0.2482
 0.6910
 0.3107
 0.2565
 1.1287
 0.2725
 0.0369
 0.0837
-0.3886
-0.4584
-0.4024
 0.0487
-0.4215
 0.3409
-0.8056
-0.3399
 0.9881
 0.1131
-0.0707
-0.0760
 0.1176
-0.0304
 0.9031
-0.2488
-0.1731
 0.0071
 0.1026
 0.2970
-0.5340
-0.2683
 0.6760
 0.2483
 0.2664
 1.1358
 0.2986
 0.0801
 0.1154
-0.3376
-0.4092
 0.0121
 0.1898
-0.4740
 0.8141
-0.6704
-0.8057
 0.9893
 0.1160
-0.0646
-0.0611
 0.1262
-0.0275
 0.9069
-0.2563
-0.1822
 0.0125
 0.1083
 0.2834
-0.5030
-0.2856
 0.6441
 0.0491
 0.3910
 1.2072
 0.3494
 0.1332
 0.1632
-0.1953
-0.2322
 0.3581
 0.2013
-0.5327
 1.5208
-0.6369
-1.6167
 0.9909
 0.1146
-0.0558
-0.0444
 0.1366
-0.0231
 0.9119
-0.2570
-0.1832
 0.0255
 0.1117
 0.2655
-0.4504
-0.3009
 0.5859
-0.4170
 0.6443
 1.4098
 0.4216
 0.1962
 0.2029
 0.1901
 0.2074
 0.6039
 0.0322
-0.8234
 2.3822
-0.4652
-2.7174
 0.9932
 0.1053
-0.0433
-0.0251
 0.1491
-0.0169
 0.9172
-0.2438
-0.1690
 0.0455
 0.1100
 0.2410
-0.3786
-0.3136
 0.5012
-1.1111
 0.9295
 1.5440
 0.4962
 0.2677
 0.1737
 0.8290
 0.8855
 0.8420
-0.1602
-0.9708
 2.8239
-0.5050
-3.4484
 0.9961
 0.0844
-0.0268
-0.0046
 0.1633
-0.0086
 0.9203
-0.2086
-0.1323
 0.0698
 0.1021
 0.2085
-0.3052
-0.3247
 0.4059
-2.1450
 1.2193
 1.5806
 0.5463
 0.3482
 0.0383
 1.8655
 1.9002
 0.9347
-0.4420
-1.4378
 2.5247
-0.2864
-3.4810
 0.9983
 0.0547
-0.0084
 0.0162
 0.1776
 0.0009
 0.9199
-0.1566
-0.0802
 0.0823
 0.0794
 0.1441
-0.2483
-0.3000
 0.3217
-0.8912
 1.4884
 1.6391
 0.5181
 0.2559
 0.0931
 0.3161
 0.3835
-0.6844
-1.4869
-4.4835
 1.2716
 3.6497
-2.5095
 0.9985
 0.0462
 0.0032
 0.0306
 0.1894
 0.0075
 0.9217
-0.1505
-0.0731
 0.0786
 0.0483
 0.0835
-0.2098
-0.2459
 0.2697
-0.4529
 0.3893
 0.6761
 0.3733
 0.2293
 0.0470
 0.1336
 0.1432
 0.2980
-0.8005
-0.8868
 1.0639
 0.9693
-1.1620
 0.9985
 0.0392
 0.0078
 0.0387
 0.1987
 0.0134
 0.9231
-0.1435
-0.0662
 0.0851
 0.0250
 0.0591
-0.1795
-0.2172
 0.2363
-0.6814
 0.3142
 0.6682
 0.3305
 0.2054
 0.0595
 0.4353
 0.4296
 0.0587
-1.0590
-1.3047
 1.3627
 1.4479
-1.6376
 0.9984
 0.0295
 0.0138
 0.0460
 0.2075
 0.0187
 0.9248
-0.1306
-0.0535
 0.0895
-0.0030
 0.0208
-0.1454
-0.1777
 0.1891
-0.7195
 0.4836
 0.3934
 0.3224
 0.1905
 0.0662
 0.4617
 0.4444
 0.3473
-0.9255
-1.3887
 0.9998
 1.3180
-1.7001
 0.9983
 0.0201
 0.0220
 0.0491
 0.2162
 0.0237
 0.9266
-0.1182
-0.0419
 0.1000
-0.0275
-0.0181
-0.1235
-0.1434
 0.1429
-0.7324
 0.6317
 0.1350
 0.3152
 0.1753
 0.0664
 0.4666
 0.4308
 0.3557
-0.9404
-1.5342
 0.6799
 1.2769
-1.7542
 0.9983
 0.0109
 0.0318
 0.0484
 0.2246
 0.0282
 0.9283
-0.1061
-0.0308
 0.1089
-0.0514
-0.0605
-0.1114
-0.1101
 0.0976
-0.6820
 0.7509
-0.1898
 0.3064
 0.1575
 0.0599
 0.4155
 0.3788
 0.3047
-0.7699
-1.5752
 0.1604
 1.1635
-1.5392
 0.9981
 0.0030
 0.0427
 0.0432
 0.2327
 0.0321
 0.9298
-0.0958
-0.0215
 0.1156
-0.0679
-0.1033
-0.1149
-0.0796
 0.0608
-0.5942
 0.7990
-0.5193
 0.2910
 0.1352
 0.0460
 0.3534
 0.3119
 0.1802
-0.4382
-1.5928
-0.4016
 1.1156
-1.1764
 0.9980
-0.0033
 0.0530
 0.0337
 0.2401
 0.0354
 0.9307
-0.0870
-0.0144
 0.1198
-0.0742
-0.1443
-0.1314
-0.0499
 0.0346
-0.4575
 0.6460
-0.8352
 0.2545
 0.1068
 0.0240
 0.2880
 0.2016
 0.1630
-0.0094
-1.3949
-0.7861
 1.0777
-0.7518
 0.9980
-0.0074
 0.0596
 0.0202
 0.2461
 0.0379
 0.9310
-0.0802
-0.0110
 0.1253
-0.0683
-0.1770
-0.1565
-0.0208
 0.0219
-0.2821
 0.2520
-1.1343
 0.1879
 0.0734
-0.0067
 0.2196
 0.0378
 0.2703
 0.4355
-0.9872
-1.0525
 1.0943
-0.1539
 0.9982
-0.0089
 0.0591
 0.0029
 0.2500
 0.0394
 0.9303
-0.0752
-0.0125
 0.1368
-0.0518
-0.1952
-0.1863
 0.0090
 0.0267
-0.0975
-0.3825
-1.4072
 0.0936
 0.0397
-0.0438
 0.1450
-0.1419
 0.6576
 0.7557
-0.3032
-1.1096
 1.0915
 0.5115
