 0.989186
 0.019738
 0.010901
-0.144922
-0.000000
 0.084726
 0.934041
 0.054090
-0.057760
 0.000000
 0.000000
 0.102391
-0.152911
-0.084926
 0.040935
 0.493240
-0.364039
 0.344391
 0.311812
-0.230529
-0.068707
-0.425010
 0.759885
 0.134807
 0.093662
 1.929560
-3.801809
-1.466268
 3.803494
 0.994501
 0.033872
 0.016422
-0.097730
 0.025365
 0.064967
 0.932600
 0.042705
-0.048462
-0.000000
 0.000000
 0.223225
-0.304568
-0.221272
 0.185027
 0.437904
 0.268956
 2.824611
 0.575889
-0.453020
 0.007170
 0.112605
-0.326415
-0.009561
 0.005032
 3.049844
-1.947860
-3.783144
 2.016399
 0.998969
 0.036090
 0.027575
-0.000825
 0.061549
 0.036923
 0.932266
 0.072192
-0.079975
-0.000000
 0.000000
 0.424575
-0.398894
-0.474490
 0.307811
-0.064302
 0.149620
 3.895948
 0.697644
-0.542699
-0.046811
 0.902648
-0.744543
-0.001129
 0.013853
 3.969145
-1.525862
-4.973521
 2.516568
 0.994131
 0.027904
 0.030159
 0.100098
 0.099675
 0.004183
 0.926567
 0.136038
-0.126011
 0.000000
-0.000000
 0.608158
-0.472766
-0.703687
 0.447350
-0.237742
-0.303190
 3.040438
 0.644468
-0.658879
-0.141079
 1.364749
-0.847766
-0.031177
 0.035698
 2.141847
-0.897859
-2.538103
 2.055136
 0.988545
 0.023091
 0.007831
 0.148950
 0.128593
-0.039845
 0.917782
 0.215861
-0.175518
 0.000000
-0.000000
 0.609924
-0.479591
-0.660442
 0.499720
 0.761887
-2.202625
 0.261548
 0.253490
-1.000662
-0.243756
 1.284396
-1.115330
-0.264553
 0.415189
-2.503713
 0.926961
 5.737879
 0.280164
 0.989110
 0.024134
-0.061965
 0.131299
 0.138499
-0.095771
 0.896543
 0.316490
-0.148958
 0.000296
-0.000343
 0.345821
-0.477653
-0.165765
 0.598738
-0.416796
-1.147921
-1.442868
 0.328094
-0.730581
-0.255309
 1.610540
 1.898813
 0.192139
-0.194862
-5.506293
-1.085410
 8.502548
 2.294784
 0.995113
 0.012037
-0.051522
 0.083365
 0.162082
-0.114480
 0.901274
 0.294331
-0.093444
 0.000075
-0.000020
-0.007969
-0.463437
 0.263482
 0.554969
-0.451766
 1.073384
-1.925781
 0.467324
-0.026912
 0.310587
-1.570062
 0.579173
 0.000816
-0.013995
-6.756959
 2.029159
 7.085624
-3.458310
 0.999264
-0.004792
-0.024803
 0.028843
 0.189274
-0.107459
 0.920446
 0.196237
-0.060182
 0.000032
-0.000016
-0.322111
-0.263711
 0.572108
 0.277777
-0.662999
 0.901980
-1.886273
 0.534942
 0.207172
 0.329684
-1.737134
 0.602110
-0.002168
-0.004729
-4.522166
 4.542269
 3.853117
-5.930101
 0.999602
-0.022628
-0.003283
-0.016544
 0.221132
-0.097007
 0.934701
 0.123082
-0.028317
 0.000028
 0.000128
-0.476247
 0.020390
 0.672715
-0.072598
-0.535976
 0.772419
-1.400235
 0.629516
 0.143806
 0.182846
-0.792935
 0.501448
-0.000423
 0.010128
-1.150179
 5.467699
-0.158288
-6.645078
 0.998129
-0.032022
 0.016127
-0.049540
 0.256548
-0.091788
 0.939896
 0.106638
-0.012001
 0.000158
 0.000300
-0.486261
 0.323214
 0.612123
-0.432468
 0.149791
 0.418261
-1.046538
 0.634889
 0.050478
 0.041164
-0.170966
-0.215363
 0.004055
 0.001969
 0.944010
 6.010552
-1.991002
-6.805151
 0.996516
-0.020015
 0.026469
-0.076495
 0.290749
-0.089381
 0.937802
 0.111085
-0.042917
 0.000249
 0.000267
-0.448817
 0.651270
 0.528751
-0.799793
 0.889326
 0.025043
-1.127906
 0.585081
 0.045676
-0.084963
 0.007958
-1.123878
-0.018525
-0.021430
 1.238384
 5.825755
-1.706298
-6.287818
 0.993635
 0.005280
 0.031725
-0.107956
 0.323354
-0.085677
 0.927510
 0.134889
-0.108942
 0.000064
 0.000037
-0.390341
 0.972108
 0.446732
-1.151545
 0.851338
 0.126039
-1.271142
 0.582826
 0.104708
-0.260067
 0.763614
-1.233408
-0.004155
-0.000917
 1.508957
 5.307833
-1.933308
-5.856931
 0.989144
 0.025304
 0.037997
-0.139678
 0.355584
-0.073173
 0.914065
 0.179668
-0.177537
 0.000091
-0.000007
-0.289820
 1.185996
 0.310472
-1.388285
 0.511812
 0.086371
-0.922645
 0.576591
 0.402118
-0.152918
 0.622810
-1.248463
-0.018515
 0.000862
 2.140717
 1.804320
-3.060239
-1.880553
 0.987680
 0.031925
 0.029539
-0.150324
 0.386424
-0.034997
 0.916019
 0.183859
-0.247177
 0.000368
-0.000121
-0.145009
 1.117296
 0.103641
-1.273680
-0.410757
-1.101284
 0.151604
 0.475844
 1.016531
 0.195390
-0.392915
-1.091000
-0.230964
 0.070612
 3.220762
-4.422507
-4.124063
 6.702781
 0.989369
 0.022314
-0.014009
-0.143018
 0.408645
 0.026214
 0.923067
 0.136183
-0.303046
 0.000000
-0.000000
-0.004130
 0.778128
-0.001954
-0.767563
 0.084543
-1.187918
 0.116207
 0.445877
 0.886824
 0.092095
-1.546079
-1.082721
 0.192701
-0.068497
 2.628310
-5.082365
-1.259846
 7.216484
 0.989945
 0.017337
-0.010666
-0.139978
 0.438626
 0.062309
 0.932531
 0.097250
-0.279260
 0.000000
 0.000000
 0.088638
 0.539676
-0.089090
-0.521564
-0.398187
 0.772023
 0.011069
 0.546080
 0.481908
 0.186561
-0.089165
 1.468369
 0.011099
-0.000194
 0.809040
-3.898330
-1.209881
 2.919000
 0.989487
 0.006416
 0.006383
-0.144338
 0.465218
 0.082603
 0.939418
 0.094074
-0.189284
 0.000000
 0.000000
 0.108500
 0.321217
-0.122357
-0.366688
-0.155573
 0.381338
-0.225114
 0.385054
 0.258591
 0.042464
-0.133063
 1.589916
-0.001449
-0.001406
-0.217195
-4.135089
 0.297498
 3.154323
 0.988729
 0.008133
 0.012478
-0.148972
 0.483605
 0.090496
 0.938225
 0.077628
-0.112702
 0.000000
-0.000000
 0.079787
 0.080782
-0.082237
-0.172303
 0.300267
 0.071694
-0.066389
 0.298498
 0.020697
-0.065239
-0.408178
 1.178595
 0.017297
 0.013336
-0.456464
-4.410180
 0.728858
 3.737605
 0.989186
 0.019738
 0.010901
-0.144922
 0.500000
 0.084726
 0.934041
 0.054090
-0.057760
 0.000000
-0.000000
 0.102391
-0.152911
-0.084926
 0.040935
 0.493240
-0.364039
 0.344391
 0.311812
-0.230529
-0.068707
-0.425010
 0.759885
 0.134807
 0.093662
 1.929560
-3.801809
-1.466268
 3.803494
 0.989186
 0.019738
 0.010901
-0.144922
 0.500000
 0.084726
 0.934041
 0.054090
-0.057760
 0.000000
-0.000000
 0.102391
-0.152911
-0.084926
 0.040935
 0.493240
-0.364039
 0.344391
 0.311812
-0.230529
-0.068707
-0.425010
 0.759885
 0.134807
 0.093662
 1.929560
-3.801809
-1.466268
 3.803494
 0.989186
 0.019738
 0.010901
-0.144922
 0.500000
 0.084726
 0.934041
 0.054090
-0.057760
 0.000000
-0.000000
 0.102391
-0.152911
-0.084926
 0.040935
 0.493240
-0.364039
 0.344391
 0.311812
-0.230529
-0.068707
-0.425010
 0.759885
 0.134807
 0.093662
 1.929560
-3.801809
-1.466268
 3.803494
 0.989186
 0.019738
 0.010901
-0.144922
 0.500000
 0.084726
 0.934041
 0.054090
-0.057760
 0.000000
-0.000000
 0.102391
-0.152911
-0.084926
 0.040935
 0.493240
-0.364039
 0.344391
 0.311812
-0.230529
-0.068707
-0.425010
 0.759885
 0.134807
 0.093662
 1.929560
-3.801809
-1.466268
 3.803494
 0.989186
 0.019738
 0.010901
-0.144922
 0.500000
 0.084726
 0.934041
 0.054090
-0.057760
 0.000000
-0.000000
 0.102391
-0.152911
-0.084926
 0.040935
 0.493240
-0.364039
 0.344391
 0.311812
-0.230529
-0.068707
-0.425010
 0.759885
 0.134807
 0.093662
 1.929560
-3.801809
-1.466268
 3.803494
 0.989186
 0.019738
 0.010901
-0.144922
 0.500000
 0.084726
 0.934041
 0.054090
-0.057760
 0.000000
-0.000000
 0.102391
-0.152911
-0.084926
 0.040935
 0.493240
-0.364039
 0.344391
 0.311812
-0.230529
-0.068707
-0.425010
 0.759885
 0.134807
 0.093662
 1.929560
-3.801809
-1.466268
 3.803494
 0.989186
 0.019738
 0.010901
-0.144922
 0.500000
 0.084726
 0.934041
 0.054090
-0.057760
 0.000000
-0.000000
 0.102391
-0.152911
-0.084926
 0.040935
 0.493240
-0.364039
 0.344391
 0.311812
-0.230529
-0.068707
-0.425010
 0.759885
 0.134807
 0.093662
 1.929560
-3.801809
-1.466268
 3.803494
 0.989186
 0.019738
 0.010901
-0.144922
 0.500000
 0.084726
 0.934041
 0.054090
-0.057760
 0.000000
-0.000000
 0.102391
-0.152911
-0.084926
 0.040935
 0.493240
-0.364039
 0.344391
 0.311812
-0.230529
-0.068707
-0.425010
 0.759885
 0.134807
 0.093662
 1.929560
-3.801809
-1.466268
 3.803494
 0.989186
 0.019738
 0.010901
-0.144922
 0.500000
 0.084726
 0.934041
 0.054090
-0.057760
 0.000000
-0.000000
 0.102391
-0.152911
-0.084926
 0.040935
 0.493240
-0.364039
 0.344391
 0.311812
-0.230529
-0.068707
-0.425010
 0.759885
 0.134807
 0.093662
 1.929560
-3.801809
-1.466268
 3.803494
 0.989186
 0.019738
 0.010901
-0.144922
 0.500000
 0.084726
 0.934041
 0.054090
-0.057760
 0.000000
-0.000000
 0.102391
-0.152911
-0.084926
 0.040935
 0.493240
-0.364039
 0.344391
 0.311812
-0.230529
-0.068707
-0.425010
 0.759885
 0.134807
 0.093662
 1.929560
-3.801809
-1.466268
 3.803494
 0.989186
 0.019738
 0.010901
-0.144922
 0.500000
 0.084726
 0.934041
 0.054090
-0.057760
 0.000000
-0.000000
 0.102391
-0.152911
-0.084926
 0.040935
 0.493240
-0.364039
 0.344391
 0.311812
-0.230529
-0.068707
-0.425010
 0.759885
 0.134807
 0.093662
 1.929560
-3.801809
-1.466268
 3.803494
 0.989186
 0.019738
 0.010901
-0.144922
 0.500000
 0.084726
 0.934041
 0.054090
-0.057760
 0.000000
-0.000000
 0.102391
-0.152911
-0.084926
 0.040935
 0.493240
-0.364039
 0.344391
 0.311812
-0.230529
-0.068707
-0.425010
 0.759885
 0.134807
 0.093662
 1.929560
-3.801809
-1.466268
 3.803494
 0.989186
 0.019738
 0.010901
-0.144922
 0.500000
 0.084726
 0.934041
 0.054090
-0.057760
 0.000000
-0.000000
 0.102391
-0.152911
-0.084926
 0.040935
 0.493240
-0.364039
 0.344391
 0.311812
-0.230529
-0.068707
-0.425010
 0.759885
 0.134807
 0.093662
 1.929560
-3.801809
-1.466268
 3.803494
 0.989186
 0.019738
 0.010901
-0.144922
 0.500000
 0.084726
 0.934041
 0.054090
-0.057760
 0.000000
-0.000000
 0.102391
-0.152911
-0.084926
 0.040935
 0.493240
-0.364039
 0.344391
 0.311812
-0.230529
-0.068707
-0.425010
 0.759885
 0.134807
 0.093662
 1.929560
-3.801809
-1.466268
 3.803494
 0.989186
 0.019738
 0.010901
-0.144922
 0.500000
 0.084726
 0.934041
 0.054090
-0.057760
 0.000000
-0.000000
 0.102391
-0.152911
-0.084926
 0.040935
 0.493240
-0.364039
 0.344391
 0.311812
-0.230529
-0.068707
-0.425010
 0.759885
 0.134807
 0.093662
 1.929560
-3.801809
-1.466268
 3.803494
 0.989186
 0.019738
 0.010901
-0.144922
 0.500000
 0.084726
 0.934041
 0.054090
-0.057760
 0.000000
-0.000000
 0.102391
-0.152911
-0.084926
 0.040935
 0.493240
-0.364039
 0.344391
 0.311812
-0.230529
-0.068707
-0.425010
 0.759885
 0.134807
 0.093662
 1.929560
-3.801809
-1.466268
 3.803494
 0.989186
 0.019738
 0.010901
-0.144922
 0.500000
 0.084726
 0.934041
 0.054090
-0.057760
 0.000000
-0.000000
 0.102391
-0.152911
-0.084926
 0.040935
 0.493240
-0.364039
 0.344391
 0.311812
-0.230529
-0.068707
-0.425010
 0.759885
 0.134807
 0.093662
 1.929560
-3.801809
-1.466268
 3.803494
 0.989186
 0.019738
 0.010901
-0.144922
 0.500000
 0.084726
 0.934041
 0.054090
-0.057760
 0.000000
-0.000000
 0.102391
-0.152911
-0.084926
 0.040935
 0.493240
-0.364039
 0.344391
 0.311812
-0.230529
-0.068707
-0.425010
 0.759885
 0.134807
 0.093662
 1.929560
-3.801809
-1.466268
 3.803494
 0.989186
 0.019738
 0.010901
-0.144922
 0.500000
 0.084726
 0.934041
 0.054090
-0.057760
 0.000000
-0.000000
 0.102391
-0.152911
-0.084926
 0.040935
 0.493240
-0.364039
 0.344391
 0.311812
-0.230529
-0.068707
-0.425010
 0.759885
 0.134807
 0.093662
 1.929560
-3.801809
-1.466268
 3.803494
 0.989186
 0.019738
 0.010901
-0.144922
 0.500000
 0.084726
 0.934041
 0.054090
-0.057760
 0.000000
-0.000000
 0.102391
-0.152911
-0.084926
 0.040935
 0.493240
-0.364039
 0.344391
 0.311812
-0.230529
-0.068707
-0.425010
 0.759885
 0.134807
 0.093662
 1.929560
-3.801809
-1.466268
 3.803494
