 0.9954
-0.0840
-0.0266
-0.0364
-0.0000
 0.1412
 0.9311
 0.0226
-0.0209
-0.1096
 0.0813
 0.0232
-0.0999
 0.0242
 0.1300
 0.0241
 2.0935
-3.3906
 0.9641
-0.5541
 0.6923
-1.0224
-1.6373
-2.9738
-1.7169
 3.9927
-5.7808
-6.9148
 0.5482
 0.9937
-0.0630
-0.0389
-0.0843
 0.0127
 0.1372
 0.9311
-0.0186
-0.0825
-0.0535
 0.0538
 0.2744
-0.1880
-0.2059
 0.1742
 0.4173
 0.7351
-1.1273
 0.5903
-0.7103
 0.4470
-1.0628
-1.2057
-1.5976
-2.1700
-2.8180
-4.1777
 2.1116
 1.0302
 0.9950
-0.0652
-0.0112
-0.0750
 0.0245
 0.1268
 0.9298
-0.0079
-0.0836
-0.1764
 0.0013
 0.0480
-0.2749
-0.0082
 0.1611
-0.5138
-0.0941
 0.6324
 0.4758
-0.7849
 0.3866
 0.2173
 0.0609
-2.4428
-0.8966
-3.5917
-0.4440
 3.9347
-0.9952
 0.9953
-0.0569
-0.0287
-0.0734
 0.0278
 0.1126
 0.9265
-0.0176
-0.1028
-0.1690
-0.0233
 0.0844
-0.2636
 0.0058
 0.1519
 0.7319
-1.0046
 0.0752
 0.4733
-0.8993
 0.3994
-0.8092
-1.0213
 1.2953
-1.2880
 1.3285
-0.5427
-0.7373
 0.1042
 0.9964
-0.0424
-0.0158
-0.0720
 0.0380
 0.0946
 0.9265
-0.0229
-0.1237
-0.1394
-0.0442
 0.0820
-0.3123
-0.0093
 0.1452
 0.8205
 1.7448
 0.3054
 0.8494
-1.0296
 0.5760
-0.0694
-0.4997
 0.9633
 0.6116
-1.5863
-2.1912
-0.7594
-0.9604
 0.9974
-0.0330
 0.0134
-0.0627
 0.0537
 0.0737
 0.9290
-0.0108
-0.1328
-0.1165
 0.0078
 0.0461
-0.3466
-0.0231
 0.0961
 0.4124
 1.2599
 0.7908
 0.8868
-1.0914
 0.5904
 0.2584
-0.1701
 1.1702
 2.0497
-0.3790
 0.1598
-1.2525
-2.4533
 0.9982
-0.0284
 0.0252
-0.0472
 0.0683
 0.0515
 0.9301
 0.0079
-0.1219
-0.0905
 0.0346
 0.0466
-0.3046
-0.0342
 0.0176
-0.3718
 0.7762
 1.7923
 0.8392
-1.1505
 0.5574
 1.0407
 1.2610
-0.0988
 0.3707
-2.4834
 2.5027
 1.9462
-3.6741
 0.9985
-0.0379
 0.0368
-0.0163
 0.0846
 0.0273
 0.9295
 0.0592
-0.0667
-0.1084
 0.0443
-0.0588
-0.2209
 0.0714
-0.0915
-0.7767
-0.3947
 2.1666
 0.7443
-1.2551
 0.4890
 1.5960
 2.4828
 0.4678
-0.2093
-2.2595
 3.8484
 3.2685
-3.3788
 0.9991
-0.0385
 0.0187
 0.0069
 0.0968
-0.0008
 0.9246
 0.0977
-0.0004
-0.0668
 0.0203
-0.0589
-0.1206
 0.1328
-0.1440
-0.1188
-0.6789
 1.6922
 0.7794
-1.4269
 0.4350
 1.1259
 2.3747
 0.7565
 0.2566
-1.6672
 2.2750
 3.1754
-1.2504
 0.9986
-0.0364
 0.0253
 0.0291
 0.1194
-0.0313
 0.9182
 0.1308
 0.0537
-0.0979
 0.1100
-0.1243
-0.0725
 0.2094
-0.2048
 1.1313
-0.9861
 1.0814
 1.0024
-1.5661
 0.4884
-0.2655
 1.1650
-1.5350
 4.6218
 2.9581
 4.3261
-1.1710
-3.3966
 0.9995
-0.0251
-0.0059
 0.0145
 0.1406
-0.0535
 0.9166
 0.1238
 0.0997
-0.1170
 0.0415
 0.1335
 0.0394
 0.0315
-0.2165
-0.2011
-1.6417
-1.4946
 0.8305
-1.1012
 0.7096
-0.7755
 1.0290
-3.7842
-4.1796
 7.6680
 1.3979
-5.8378
 1.6744
 0.9997
-0.0209
 0.0023
 0.0088
 0.1634
-0.0681
 0.9174
 0.0824
 0.1208
-0.3138
-0.0572
 0.1319
-0.0034
 0.0276
-0.1508
-0.0220
-0.5283
-0.5094
 0.7458
-1.0446
 0.7281
-1.0601
 0.0888
-3.0322
-3.3570
 0.7902
 0.5095
 0.0817
 0.8179
 0.9995
-0.0151
-0.0273
-0.0041
 0.1745
-0.0815
 0.9164
 0.0992
 0.1276
-0.1749
-0.1544
 0.2379
 0.0983
-0.0046
-0.1661
-0.0390
-1.8533
-0.7473
 0.4843
-0.9896
 0.6732
 0.7457
-0.4614
 4.2749
-3.7799
 1.6258
 2.4274
 0.5628
-0.0347
 0.9994
-0.0046
-0.0340
-0.0096
 0.1869
-0.0923
 0.9168
 0.0625
 0.1134
-0.2270
-0.2408
 0.2060
 0.0907
 0.0444
-0.1162
 0.5585
-1.4742
-0.7547
 0.4358
-0.9239
 0.6790
-1.1836
-1.4852
 0.3544
-2.1929
 0.4035
-0.2850
 0.9419
 2.3701
 0.9973
 0.0100
-0.0695
-0.0214
 0.1899
-0.1023
 0.9145
 0.1048
 0.0739
-0.0104
-0.2806
 0.2537
 0.1349
 0.0785
-0.0615
 0.4418
-2.2004
-0.2458
 0.2481
-0.9816
 0.6225
 2.8552
-1.7849
 9.3559
-1.4934
-0.2402
 1.5701
 2.8953
 0.9317
 0.9969
 0.0250
-0.0731
-0.0158
 0.1993
-0.1131
 0.9168
 0.1418
 0.0426
 0.1501
-0.3229
 0.1850
 0.1540
 0.1548
-0.0553
 0.6917
-0.2572
 0.4900
 0.5167
-0.9954
 0.8005
 0.5354
-1.7809
 4.8070
-1.3347
-1.3050
 0.7530
 0.9366
-0.3514
 0.9957
 0.0458
-0.0793
-0.0124
 0.2099
-0.1227
 0.9196
 0.1339
-0.0012
 0.2507
-0.3254
 0.1930
 0.1605
 0.1350
-0.0287
 1.3554
-0.0260
 0.4147
 0.5455
-0.9401
 0.8154
-2.4374
-1.9964
 0.1483
 2.1444
-0.3214
-2.4447
-1.7990
 2.7844
 0.9951
 0.0742
-0.0649
-0.0016
 0.2262
-0.1311
 0.9241
 0.0203
-0.0337
 0.1236
-0.1999
 0.1492
 0.0586
 0.0651
 0.0614
 1.1584
 1.6724
 1.8064
 0.8256
-0.9969
 0.9169
-4.2689
-1.0284
-7.9944
 6.8862
-2.7724
-3.8935
-2.7820
 2.2916
 0.9954
 0.0842
-0.0270
 0.0357
 0.2496
-0.1409
 0.9308
-0.0247
-0.0245
-0.0247
-0.0252
 0.0262
 0.0227
 0.0239
 0.0265
-1.6091
 2.2131
 4.1628
 0.9993
-0.9974
 0.9971
 1.5625
 0.9886
 1.4210
 3.1428
-5.7736
 3.7766
 0.4747
-6.7267
 0.9945
 0.0712
 0.0169
 0.0745
 0.2733
-0.1436
 0.9370
 0.0017
 0.0002
 0.1800
 0.0088
-0.0908
 0.0888
-0.0070
-0.1351
-0.8401
 5.2128
 0.4994
 1.2054
-0.6729
 1.0679
-2.1999
-1.7874
 8.2231
 3.8308
-1.3273
-6.0949
-6.6128
 0.8894
 0.9911
 0.0877
 0.0862
 0.0508
 0.2982
-0.1352
 0.9422
-0.1014
-0.0792
 0.3396
 0.1518
-0.0336
-0.1726
-0.2784
-0.0022
 0.0268
 2.1676
-2.3684
 0.7908
-0.5354
 0.7937
-3.2564
-3.5421
 6.3050
 4.1605
 4.8201
-6.8896
-9.3353
 5.0978
 0.9905
 0.0978
 0.0940
 0.0218
 0.3043
-0.1224
 0.9416
-0.1630
-0.1260
 0.5008
 0.2051
 0.0623
-0.2961
-0.4401
 0.1157
-0.6989
 1.1986
-1.2470
 0.6591
-0.5049
 0.6847
-2.2450
-2.0158
 3.0575
-0.9700
 0.3604
-4.4245
-3.5915
 3.4665
 0.9876
 0.0976
 0.1223
 0.0103
 0.3168
-0.1073
 0.9416
-0.2116
-0.1412
 0.5021
 0.1186
 0.0444
-0.3873
-0.5278
 0.1628
-1.5179
 1.4310
-0.3359
 0.8167
-0.4382
 0.6991
-0.4951
-0.2538
-1.9593
-5.1075
-0.0124
-1.0923
-3.0173
-0.1018
 0.9871
 0.0879
 0.1340
-0.0021
 0.3284
-0.0900
 0.9413
-0.2075
-0.1163
 0.4679
-0.0053
 0.0562
-0.3909
-0.5888
 0.1579
-1.9273
-0.0448
-1.1822
 0.6369
-0.3581
 0.6493
 0.1435
 0.0438
 0.5916
-3.4363
 0.6047
 0.1978
-1.3345
-0.0081
 0.9882
 0.0775
 0.1310
-0.0202
 0.3379
-0.0718
 0.9391
-0.1871
-0.0995
 0.4486
-0.0708
 0.0417
-0.3877
-0.5687
 0.1749
-1.8586
-0.4429
-0.8579
 0.6093
-0.3935
 0.5810
 1.9617
-0.3039
-4.3342
-2.2288
-1.8753
-0.2116
 3.0720
 0.9005
 0.9904
 0.0698
 0.1144
-0.0328
 0.3457
-0.0539
 0.9340
-0.1210
-0.0984
 0.2795
-0.1117
-0.0246
-0.4012
-0.4361
 0.2453
-1.5791
-2.7793
-1.0787
 0.2710
-0.3299
 0.4116
 2.2620
-1.3871
-6.4090
-0.7949
-2.3144
-0.5430
 6.4349
 4.1077
 0.9949
 0.0673
 0.0569
-0.0480
 0.3467
-0.0312
 0.9241
-0.0850
-0.1312
 0.1284
-0.1263
-0.0178
-0.3802
-0.3022
 0.3749
-1.4391
-5.0244
-1.2153
 0.1399
-0.1410
 0.2376
 0.2615
-2.5644
-5.1728
-0.7505
 2.6179
 2.1304
 2.8731
 4.2110
 0.9970
 0.0625
 0.0204
-0.0421
 0.3579
-0.0050
 0.9134
-0.1059
-0.1682
 0.0257
-0.1799
-0.1080
-0.3487
-0.1256
 0.4605
-1.7999
 0.1272
 1.8656
 0.7780
-0.0959
 0.2611
-1.6021
-1.5870
-0.6252
-2.8220
-9.6221
 0.0598
10.3147
 1.4335
 0.9972
 0.0658
-0.0052
-0.0300
 0.3795
 0.0220
 0.9065
-0.1838
-0.2242
 0.1432
-0.1717
-0.1168
-0.2194
-0.0456
 0.4251
 1.8291
-4.4782
-0.0542
 0.6389
-0.2823
 0.6154
-5.4361
-5.5324
 6.8767
 3.7874
 8.9166
10.4719
-3.4362
-5.0179
 0.9934
 0.1052
-0.0370
-0.0259
 0.3977
 0.0466
 0.8949
-0.2895
-0.3447
 0.2936
-0.0596
 0.0423
-0.0470
-0.1129
 0.3405
 1.0519
 0.7221
 0.5983
 0.9157
-0.4056
 0.5419
-4.5290
-2.7364
 3.0591
 2.7149
-2.4493
-1.9818
 2.5981
 1.8245
 0.9926
 0.1183
-0.0239
-0.0139
 0.4156
 0.0662
 0.8878
-0.3480
-0.3829
 0.3673
-0.0137
-0.0172
-0.0838
-0.0516
 0.3756
-0.9867
-0.4287
 1.0850
 0.7774
-0.4114
 0.5647
-1.6990
-0.2375
 2.5057
 1.1598
 0.4840
 2.0492
 0.8785
-1.3333
 0.9939
 0.1087
-0.0211
 0.0026
 0.4303
 0.0834
 0.8877
-0.3443
-0.3608
 0.4177
 0.0223
-0.0166
-0.0303
-0.0302
 0.3261
-2.3617
 0.3025
 0.9484
 0.7655
-0.4199
 0.6136
-0.0965
 1.8707
 0.8182
 1.7561
-1.1322
 0.6259
 1.7953
-1.3626
 0.9965
 0.0820
-0.0090
 0.0109
 0.4448
 0.0982
 0.8930
-0.3083
-0.2985
 0.4244
 0.0680
-0.0568
-0.0401
 0.0069
 0.2972
-3.2421
 0.7935
 0.2281
 0.7481
-0.3614
 0.6545
 0.9425
 2.4473
-0.5506
 1.1283
-1.1176
-0.9800
 1.0249
-1.0801
 0.9990
 0.0434
 0.0061
 0.0124
 0.4594
 0.1122
 0.9029
-0.2467
-0.2290
 0.3854
 0.0691
-0.0918
-0.0606
 0.0246
 0.2504
-4.1109
 0.8412
 0.1055
 0.7191
-0.3128
 0.6628
 2.1881
 2.8332
-2.5833
-1.1409
-1.4027
-0.1732
 1.1003
-2.5893
 0.9999
-0.0017
 0.0136
 0.0097
 0.4722
 0.1244
 0.9139
-0.1587
-0.1523
 0.3164
 0.0381
-0.1143
-0.0593
 0.0446
 0.1833
-3.7676
-0.5125
-0.6171
 0.5194
-0.3575
 0.5530
 2.7827
 2.7040
-2.1774
-0.3985
 0.7411
 0.1550
 0.3215
-1.8232
 0.9991
-0.0431
 0.0047
 0.0026
 0.4801
 0.1333
 0.9215
-0.0631
-0.0791
 0.2154
 0.0170
-0.1278
-0.0667
 0.0923
 0.1563
-4.0273
-0.6944
-0.1285
 0.3822
-0.4190
 0.3955
 3.1551
 2.9239
-6.6070
-2.1772
-2.9507
-0.9288
 4.3466
-0.3133
 0.9967
-0.0800
-0.0126
-0.0040
 0.4870
 0.1395
 0.9255
 0.0200
-0.0154
 0.0174
-0.0037
-0.1481
-0.0744
 0.1632
 0.1462
-2.0068
-2.7642
-1.2499
 0.3209
-0.5012
 0.3884
 0.9882
 1.2890
-6.3497
 3.1708
 4.9861
 1.2941
-1.9773
-0.9711
 0.9954
-0.0840
-0.0266
-0.0364
 0.5000
 0.1412
 0.9311
 0.0226
-0.0209
-0.1096
 0.0813
 0.0232
-0.0999
 0.0242
 0.1300
 0.0241
 2.0935
-3.3906
 0.9641
-0.5541
 0.6923
-1.0224
-1.6373
-2.9738
-1.7169
 3.9927
-5.7808
-6.9148
 0.5482
