-0.5405
0.3796
-0.4288
-0.1465
0.2727
0.8196
-0.8571
0.0743
-0.6679
-0.8479
-0.1537
-0.6804
-0.2516
0.7294
0.4455
0.5789
-0.8348
0.1048
-0.1308
0.1821
0.1163
0.7098
-0.1966
0.3880
-0.6808
0.5046
0.8942
0.1577
-0.6038
-0.7462
0.5182
-0.0453
-0.4528
-0.8545
-0.7444
-0.5634
-0.7982
0.6050
0.6515
0.2387
0.6851
-0.6854
-0.0732
-0.6542
0.6388
-0.2442
0.6127
-0.5028
-0.8493
-0.9946
0.5676
0.8833
0.0638
-0.2904
0.2143
-0.2804
-0.8135
-0.6759
0.1293
0.3029
-0.1508
0.7724
0.0698
0.2006
-0.7038
0.2579
-0.5552
-0.3966
0.6862
-0.1396
-0.2362
0.8157
0.8828
0.1859
-0.8092
-0.3231
0.3391
-0.7540
-0.6061
-0.7698
-0.0011
0.5443
-0.0717
-0.1253
-0.6583
-0.5697
0.5444
-0.5289
0.1948
-0.9536
-0.9307
-0.3701
0.7161
0.2183
0.4285
0.5773
-0.0811
-0.9070
-0.6702
0.3627
0.9423
-0.8020
0.0453
-0.0102
0.3421
-0.9724
-0.0427
0.9837
0.3085
-0.4856
-0.8779
-0.9477
-0.0824
0.7149
-0.4076
-0.2472
0.7507
-0.3250
-0.6224
0.7852
-0.7551
-0.3380
-0.7194
0.5431
-0.8539
-0.3239
-0.5758
0.8540
-0.6974
-0.6714
0.8923
0.2887
-0.8705
0.9339
0.2693
0.0503
0.9694
-0.7684
-0.2156
0.7287
-0.2078
-0.6681
0.2816
-0.7353
0.9756
-0.7369
0.2397
0.6592
0.1091
-0.1643
0.9154
-0.2406
-0.5345
0.3193
-0.0692
0.2943
-0.3761
0.3858
-0.6329
0.7041
0.8898
-0.8994
0.6588
0.8583
0.7693
-0.2669
0.8717
0.6982
-0.0416
-0.3376
-0.5975
0.1388
0.5457
0.2839
0.9145
0.8356
0.3401
0.3911
0.2264
0.6880
0.8384
0.2252
-0.7030
-0.8899
0.2656
0.0103
-0.2126
0.6702
-0.0205
0.8797
0.1641
-0.3763
0.2136
-0.3346
0.4663
-0.6437
0.9468
-0.0928
0.1569
-0.8723
-0.2606
-0.0328
0.1384
-0.1120
0.5039
-0.4514
-0.6608
-0.0355
-0.9052
-0.9276
-0.8265
-0.9786
0.3620
-0.5290
-0.6889
0.1216
-0.1847
0.6164
0.5928
-0.5787
-0.9185
0.9247
-0.9398
0.8533
0.6501
0.0997
-0.1967
-0.3590
-0.9559
0.6516
0.5133
-0.3749
-0.9199
-0.3167
-0.8051
-0.5768
0.6542
0.3146
0.6619
0.6033
0.2198
0.2499
0.2588
-0.6710
-0.8315
-0.5451
-0.7977
-0.7487
-0.3139
-0.3119
-0.0025
-0.8753
-0.4604
-0.7425
-0.4855
-0.3226
0.0829
0.1095
0.1440
-0.4024
-0.5134
0.8033
0.2515
0.0514
-0.8628
0.5657
-0.8556
0.6528
0.4242
-0.2140
0.4970
0.4666
0.5595
0.9157
-0.1470
0.9433
-0.4561
-0.6169
-0.0656
0.6075
-0.5750
0.6767
-0.6577
-0.3848
-0.4592
0.1575
-0.6250
0.2983
-0.7208
-0.6050
-0.4332
0.3438
0.5495
-0.7301
-0.3077
0.9470
0.2703
0.3578
0.1251
-0.0025
0.2177
-0.7107
-0.5399
-0.0842
