1.0000
0.0000
0.0000
0.0000
0.0980
0.0781
0.0144
-0.0250
0.0388
0.0211
0.0024
-0.0407
0.0680
-0.0861
-0.0066
0.0305
-0.0543
-0.0624
-0.0623
-0.0904
-0.0493
-0.0070
-0.0887
-0.0046
-0.0529
0.0444
-0.0458
-0.0402
0.0019
1.0000
0.0000
0.0000
0.0000
-0.0064
0.0680
0.0787
0.0075
-0.0387
0.0092
0.0532
-0.0011
0.0469
0.0628
0.0496
-0.0602
0.0741
-0.0550
-0.0131
0.0185
-0.0008
0.0467
-0.0796
0.0368
0.0386
0.0028
-0.0450
0.0304
-0.0220
1.0000
0.0000
0.0000
0.0000
0.0166
0.0373
-0.0868
-0.0206
-0.0131
-0.0470
-0.0465
0.0319
0.0400
0.0720
-0.0689
-0.0133
0.0924
0.0679
-0.0747
-0.0048
-0.0771
0.0558
0.0732
0.0940
-0.0439
0.0408
0.0563
-0.0348
0.0192
1.0000
0.0000
0.0000
0.0000
-0.0751
-0.0633
0.0488
0.0970
-0.0322
-0.0645
0.0894
-0.0643
-0.0392
-0.0154
-0.0414
-0.0835
-0.0422
-0.0474
-0.0273
0.0986
-0.0912
0.0379
0.0178
-0.0791
0.0801
0.0940
0.0964
-0.0392
0.0366
1.0000
0.0000
0.0000
0.0000
-0.0289
0.0238
0.0461
0.0557
0.0824
0.0626
-0.0865
-0.0650
-0.0647
-0.0879
-0.0562
0.0732
0.0299
-0.0352
0.0533
0.0240
-0.0389
-0.0859
-0.0395
0.0495
-0.0072
0.0529
-0.0906
-0.0237
-0.0460
1.0000
0.0000
0.0000
0.0000
-0.0838
0.0260
0.0332
-0.0717
0.0699
0.0064
0.0582
-0.0654
-0.0402
-0.0178
-0.0042
-0.0262
0.0427
-0.0547
0.0666
-0.0044
-0.0453
-0.0570
0.0496
0.0489
0.0396
-0.0466
0.0247
0.0243
-0.0574
1.0000
0.0000
0.0000
0.0000
0.0770
-0.0455
0.0753
-0.0408
0.0503
-0.0509
-0.0981
0.0956
-0.0842
-0.0025
-0.0497
-0.0413
-0.0529
0.0992
0.0983
0.0005
0.0239
0.0226
0.0431
-0.0044
0.0555
0.0210
-0.0300
-0.0205
0.0968
1.0000
0.0000
0.0000
0.0000
0.0176
0.0498
0.0616
-0.0849
-0.0999
-0.0796
-0.0378
0.0992
-0.0814
0.0627
0.0232
0.0413
0.0057
-0.0812
-0.0032
-0.0733
-0.0112
0.0763
-0.0764
0.0494
0.0058
-0.0705
-0.0711
-0.0448
0.0510
1.0000
0.0000
0.0000
0.0000
0.0961
0.0623
0.0943
0.0587
-0.0146
0.0355
-0.0356
0.0042
-0.0676
-0.0088
0.0931
-0.0913
0.0148
0.0425
0.0145
0.0443
0.0714
0.0697
-0.0047
-0.0432
-0.0713
0.0430
-0.0421
-0.0580
0.0367
1.0000
0.0000
0.0000
0.0000
0.0298
0.0198
-0.0703
-0.0791
0.0129
-0.0616
0.0357
-0.0446
0.0529
-0.0200
-0.0732
0.0226
0.0753
-0.0164
0.0513
0.0184
0.0415
0.0933
-0.0450
0.0182
0.0982
0.0470
-0.0713
0.0661
-0.0855
1.0000
0.0000
0.0000
0.0000
-0.0129
-0.0999
-0.0051
0.0671
-0.0731
-0.0825
0.0424
0.0105
0.0688
-0.0392
-0.0480
0.0621
0.0158
0.0702
0.0603
-0.0372
0.0989
0.0264
-0.0227
0.0343
-0.0773
0.0537
0.0349
0.0347
-0.0725
1.0000
0.0000
0.0000
0.0000
-0.0867
-0.0515
0.0541
-0.0259
0.0005
0.0161
0.0899
-0.0293
-0.0236
-0.0473
-0.0304
-0.0972
0.0300
-0.0962
-0.0745
-0.0163
0.0388
0.0602
0.0112
-0.0959
0.0267
-0.0577
-0.0792
-0.0622
0.0153
1.0000
0.0000
0.0000
0.0000
-0.0272
0.0068
-0.0850
0.0255
0.0763
-0.0822
-0.0445
0.0802
-0.0567
0.0392
0.0189
-0.0965
-0.0495
0.0230
0.0302
-0.0072
0.0438
0.0680
-0.0920
-0.0316
0.0171
-0.0089
-0.0361
-0.0958
0.0595
1.0000
0.0000
0.0000
0.0000
-0.0907
-0.0608
0.0969
0.0485
0.0581
-0.0996
0.0990
-0.0189
0.0306
-0.0082
-0.0750
-0.0014
-0.0002
-0.0066
-0.0843
0.0909
0.0572
-0.0802
0.0504
-0.0702
0.0596
0.0324
0.0853
0.0355
-0.0469
1.0000
0.0000
0.0000
0.0000
0.0242
0.0555
-0.0299
-0.0840
0.0805
0.0687
0.0157
-0.0262
0.0844
0.0066
-0.0690
-0.0957
-0.0430
-0.0391
0.0639
0.0894
-0.0538
-0.0006
-0.0575
-0.0401
0.0175
-0.0687
-0.0727
0.0946
0.0736
1.0000
0.0000
0.0000
0.0000
0.0851
0.0951
-0.0244
-0.0083
-0.0738
-0.0201
0.0487
-0.0129
-0.0563
0.0381
0.0333
0.0431
0.0807
0.0932
-0.0394
-0.0880
-0.0795
-0.0448
0.0856
-0.0756
0.0662
-0.0016
0.0536
0.0515
0.0507
1.0000
0.0000
0.0000
0.0000
0.0018
0.0220
0.0635
-0.0601
-0.0447
0.0066
-0.0794
-0.0515
0.0672
-0.0674
-0.0310
-0.0776
-0.0818
-0.0066
0.0886
0.0165
-0.0529
0.0400
-0.0328
-0.0459
-0.0677
0.0403
0.0304
-0.0541
0.0046
1.0000
0.0000
0.0000
0.0000
0.0073
0.0155
0.0014
0.0399
0.0845
0.0237
0.0580
-0.0221
0.0123
-0.0254
0.0250
-0.0477
0.0418
0.0791
-0.0154
-0.0179
0.0095
0.0306
0.0866
0.0013
0.0853
0.0311
-0.0538
-0.0251
0.0953
1.0000
0.0000
0.0000
0.0000
0.0849
0.0315
-0.0055
-0.0406
-0.0435
0.0469
-0.0988
-0.0645
-0.0685
-0.0167
0.0450
0.0621
-0.0301
-0.0537
0.0474
-0.0990
-0.0075
-0.0777
0.0963
0.0854
0.0088
-0.0807
0.0651
-0.0377
0.0764
1.0000
0.0000
0.0000
0.0000
0.0244
-0.0915
-0.0099
-0.0924
0.0534
-0.0478
-0.0224
0.0997
0.0995
-0.0214
-0.0078
-0.0782
-0.0251
-0.0224
0.0306
-0.0058
-0.0573
0.0929
-0.0294
-0.0053
0.0243
0.0055
0.0735
0.0093
0.0226
1.0000
0.0000
0.0000
0.0000
0.0699
0.0602
-0.0654
-0.0515
-0.0476
-0.0436
0.0235
0.0300
0.0870
-0.0824
0.0727
0.0799
-0.0118
-0.0326
0.0042
0.0936
-0.0591
-0.0865
0.0163
-0.0219
-0.0608
0.0506
-0.0616
-0.0622
-0.0566
1.0000
0.0000
0.0000
0.0000
0.0575
0.0480
0.0394
0.0751
0.0207
0.0193
-0.0367
0.0881
-0.0765
-0.0431
-0.0711
-0.0630
0.0732
0.0070
-0.0239
0.0237
0.0454
0.0139
0.0672
-0.0314
0.0588
0.0936
-0.0159
0.0642
-0.0450
1.0000
0.0000
0.0000
0.0000
-0.0005
-0.0954
0.0858
0.0564
-0.0665
-0.0772
0.0295
0.0405
-0.0011
-0.0467
-0.0141
-0.0872
-0.0795
0.0545
0.0716
-0.0860
-0.0614
0.0357
-0.0309
0.0082
-0.0345
-0.0798
-0.0881
-0.0867
0.0238
1.0000
0.0000
0.0000
0.0000
-0.0055
0.0043
-0.0635
0.0478
0.0903
-0.0507
0.0683
0.0448
-0.0791
0.0823
0.0834
0.0566
-0.0486
-0.0083
-0.0779
-0.0284
0.0035
-0.0646
0.0954
0.0765
0.0446
0.0622
-0.0144
-0.0298
-0.0087
1.0000
0.0000
0.0000
0.0000
-0.0302
-0.0963
-0.0494
-0.0479
0.0872
-0.0928
0.0035
-0.0212
-0.0706
0.0751
0.0824
-0.0352
0.0705
0.0588
-0.0906
0.0326
-0.0555
-0.0204
-0.0761
0.0387
-0.0199
-0.0700
0.0979
-0.0556
0.0739
1.0000
0.0000
0.0000
0.0000
-0.0213
-0.0583
-0.0289
-0.0462
-0.0760
0.0359
-0.0757
0.0829
0.0452
0.0569
-0.0727
-0.0752
0.0808
0.0660
0.0049
-0.0892
0.0639
0.0493
0.0847
0.0155
-0.0377
0.0389
0.0687
-0.0657
0.0228
1.0000
0.0000
0.0000
0.0000
-0.0763
-0.0786
0.0512
0.0806
-0.0513
0.0760
0.0614
-0.0852
-0.0191
0.0722
0.0787
-0.0699
0.0569
-0.0058
-0.0076
-0.0042
-0.0371
0.0267
-0.0815
0.0547
0.0366
0.0758
-0.0783
0.0094
0.0748
1.0000
0.0000
0.0000
0.0000
0.0324
-0.0526
-0.0411
0.0046
-0.0740
-0.0109
-0.0385
0.0202
0.0815
0.0573
0.0832
0.0082
0.0758
0.0379
-0.0551
0.0516
0.0596
0.0543
0.0264
0.0268
-0.0218
0.0713
-0.0064
-0.0593
-0.0779
1.0000
0.0000
0.0000
0.0000
0.0536
-0.0492
0.0317
0.0108
-0.0660
-0.0601
-0.0134
0.0719
-0.0152
-0.0618
0.0314
-0.0609
0.0646
-0.0417
0.0173
0.0359
0.0518
0.0580
0.0580
-0.0642
0.0825
0.0822
-0.0091
-0.0603
0.0844
1.0000
0.0000
0.0000
0.0000
0.0215
0.0313
-0.0478
0.0597
-0.0372
-0.0088
0.0243
0.0210
-0.0915
-0.0398
-0.0271
0.0665
-0.0817
0.0087
0.0490
-0.0995
0.0996
0.0886
0.0849
-0.0221
0.0328
-0.0696
-0.0517
-0.0925
-0.0738
1.0000
0.0000
0.0000
0.0000
-0.0874
-0.0924
-0.0271
-0.0272
-0.0195
-0.0606
-0.0090
0.0892
0.0883
-0.0085
0.0888
0.0770
-0.0236
-0.0333
0.0098
0.0069
0.0150
0.0173
0.0330
-0.0127
-0.0497
-0.0133
-0.0055
0.0427
-0.0923
1.0000
0.0000
0.0000
0.0000
-0.0123
0.0304
0.0459
0.0793
0.0192
0.0228
-0.0443
0.0859
-0.0674
0.0625
0.0009
0.0498
-0.0044
0.0882
-0.0999
0.0822
-0.0174
0.0429
0.0899
0.0057
0.0094
0.0708
-0.0830
0.0626
-0.0840
1.0000
0.0000
0.0000
0.0000
-0.0396
-0.0999
0.0929
-0.0771
0.0010
0.0427
0.0185
-0.0108
0.0429
0.0007
0.0718
-0.0143
-0.0094
-0.0224
0.0951
-0.0386
-0.0054
0.0577
-0.0226
-0.0644
0.0811
-0.0885
0.0732
0.0457
0.0032
1.0000
0.0000
0.0000
0.0000
-0.0950
-0.0546
0.0795
0.0058
-0.0828
-0.0348
0.0964
-0.0052
-0.0396
-0.0422
0.0894
-0.0819
0.0352
-0.0751
0.0992
0.0467
0.0982
0.0448
-0.0501
0.0968
0.0856
0.0906
-0.0999
-0.0594
-0.0085
1.0000
0.0000
0.0000
0.0000
-0.0425
-0.0907
0.0271
0.0153
0.0987
0.0452
-0.0495
-0.0764
0.0443
0.0972
-0.0782
-0.0108
-0.0529
-0.0814
-0.0252
-0.0623
-0.0813
0.0153
0.0292
-0.0176
-0.0889
0.0146
-0.0673
-0.0370
0.0367
1.0000
0.0000
0.0000
0.0000
-0.0275
0.0066
-0.0785
-0.0303
0.0284
0.0107
0.0168
0.0470
0.0854
0.0545
0.0657
0.0008
-0.0163
-0.0519
0.0119
0.0983
-0.0192
0.0749
0.0350
-0.0311
0.0353
-0.0268
0.0181
-0.0898
-0.0219
1.0000
0.0000
0.0000
0.0000
0.0057
0.0593
-0.0952
-0.0398
0.0250
0.0056
0.0439
0.0731
-0.0826
0.0422
-0.0461
0.0923
-0.0228
0.0228
0.0276
0.0503
-0.0591
0.0378
-0.0716
-0.0343
-0.0678
-0.0615
0.0125
-0.0904
0.0258
1.0000
0.0000
0.0000
0.0000
0.0305
0.0633
0.0818
-0.0273
-0.0828
0.0741
0.0498
0.0400
0.0018
0.0002
0.0809
-0.0604
0.0286
-0.0534
-0.0282
0.0671
0.0591
-0.0186
-0.0071
0.0909
0.0750
0.0275
-0.0884
-0.0191
0.0815
