-0.6234
0.9190
-0.1762
0.1811
0.9182
0.7522
0.1615
0.6992
0.7110
0.0037
0.6763
0.6228
-0.9093
0.7833
-0.4414
0.7704
-0.8789
-0.5775
-0.2376
0.7545
-0.1937
0.4254
-0.0797
-0.8206
-0.1159
-0.2130
-0.0767
-0.4016
0.8355
0.0112
-0.1523
-0.7970
-0.0584
-0.0337
0.0386
0.7588
0.8475
0.8919
-0.5302
0.0859
0.7173
-0.6708
0.7791
0.7440
0.2395
-0.2416
0.9056
-0.5000
-0.3939
0.2950
-0.9406
-0.2055
0.4937
0.2146
-0.4350
-0.9612
-0.1460
-0.4094
-0.5226
-0.9888
-0.8679
0.9363
0.1875
0.6297
0.7667
-0.9508
-0.0805
0.1055
0.6794
-0.3243
0.0660
0.3020
0.3535
-0.0366
-0.2361
-0.9934
0.1196
-0.2622
0.3041
-0.6821
-0.3466
0.6648
0.3103
-0.8330
0.1115
-0.2702
0.0378
0.1121
0.2457
0.4903
-0.1690
0.9546
-0.1290
-0.3159
-0.9123
0.3561
-0.2737
0.3978
0.8202
0.5550
0.7588
0.2066
-0.7171
-0.1735
-0.8636
-0.8186
0.8879
0.6741
-0.2287
0.4231
0.7669
0.1629
-0.9603
0.1092
0.1277
0.2918
0.8531
-0.4769
-0.4662
0.4083
-0.9300
-0.0770
-0.2690
-0.2365
-0.8639
0.6428
-0.3858
-0.9125
0.9182
-0.4531
0.4446
0.4493
-0.1037
-0.3581
-0.5326
-0.8835
-0.0705
-0.1345
-0.7706
0.7964
0.5354
0.5714
-0.1306
-0.3095
-0.4799
0.3140
-0.6510
-0.2117
0.8495
-0.8285
-0.3630
0.1644
-0.6279
-0.7430
-0.6569
0.6036
0.9862
-0.0713
-0.1527
-0.9292
0.2316
-0.5514
-0.7362
-0.8446
-0.9462
-0.3852
0.8548
0.6561
-0.3040
0.2977
0.5113
0.0362
0.4779
0.0359
-0.3890
-0.0417
-0.2705
0.0912
0.6679
0.0915
0.2567
0.2910
-0.9139
0.3028
-0.0577
-0.9950
-0.9384
-0.4079
0.6431
0.4381
0.5374
-0.3135
0.5164
0.1303
0.5421
-0.4681
0.7196
0.8390
0.2303
0.7569
-0.0823
-0.9006
0.5727
-0.3306
0.7280
0.9899
0.4564
-0.8551
0.6729
0.2392
-0.5512
0.6673
0.6246
-0.4916
0.9043
0.8387
-0.1600
-0.7546
-0.7583
-0.4496
-0.4285
-0.9779
0.8746
0.0452
-0.2167
0.4417
-0.5445
0.7042
-0.2529
0.9574
0.2400
0.2550
0.7232
0.3300
0.5363
-0.9285
-0.0753
0.2101
0.2860
-0.7618
-0.7694
0.6656
0.8084
0.1134
-0.4685
-0.5477
0.2391
-0.3923
0.4096
-0.7665
0.3413
0.3766
0.6461
-0.0836
-0.7459
-0.0494
0.9863
-0.5926
0.4066
-0.9670
-0.4499
0.0098
-0.3634
-0.4484
-0.3625
-0.0424
0.8542
0.5032
-0.4806
-0.7796
0.5535
-0.0268
0.8810
0.6037
0.3819
-0.5080
-0.2509
-0.9508
0.0669
-0.1576
-0.7519
-0.0557
-0.8990
-0.5321
0.7737
-0.1273
0.1926
-0.1604
-0.6822
-0.0642
-0.6544
-0.7929
0.0593
-0.4603
0.2644
-0.3475
0.3806
0.4617
-0.5973
0.2468
0.3640
-0.9537
-0.4483
-0.0032
