 0.7594
-1.2251
 1.9433
 0.4713
-0.9605
-0.0121
-1.2293
-0.7978
 4.9942
 0.1994
-0.5003
 0.4292
 2.5113
-0.2057
 0.3678
 0.0918
 5.4987
 0.4662
-1.1656
-0.0911
 3.0716
-0.0160
 1.0817
 0.4638
 5.1099
 0.4237
-0.3920
 0.3767
 2.3327
 0.0594
 0.3256
-0.0209
 3.3927
 0.2065
 1.1595
 1.5633
-0.9664
-0.1427
-0.8383
-0.6931
-2.3773
-0.0695
 1.9293
 2.0431
-5.6232
-1.2241
-1.6627
-0.7942
-1.3911
-0.0948
 2.0086
 2.4323
-7.3392
-1.2100
-1.1285
 0.2565
-1.2543
-0.0318
 1.7553
 2.7158
-8.5022
-0.7954
-0.9100
 0.6442
-0.0558
-0.1469
 0.6809
 1.9535
-7.9199
-0.1598
-0.0781
 1.0416
 0.0389
-0.0521
-0.4935
 0.8984
-5.7002
 0.1944
 0.7235
 1.2495
-1.4648
 0.2676
-0.9161
 0.8103
-5.2724
 0.1723
 1.7483
 2.5134
-3.2211
 0.6008
-1.5026
 0.9432
-6.3862
 0.4307
 2.7028
 3.8740
 1.8081
-0.1684
-2.4324
-3.3058
-0.3053
 0.2476
 1.7602
 1.3875
-4.5291
 0.0501
-0.7018
 0.2273
-6.6023
 0.2468
 2.1132
 4.5125
 8.8917
-0.2396
 0.2720
-5.2612
 2.9241
-1.0553
 0.4220
 0.3456
 8.8065
-0.0135
-0.5425
-4.4594
 2.3872
-0.5555
 1.5476
 1.0541
 1.3930
-0.0827
-2.1132
-3.4330
-5.0255
 0.7344
 2.4235
 2.2316
12.2773
 1.8520
-2.1289
 0.0049
 2.3108
 0.0759
 2.9103
 1.5645
 8.4514
 1.2162
-2.5147
-1.6349
-4.2381
 0.0527
 1.8790
 0.9031
 8.4514
 1.2162
-2.5147
-1.6349
-4.2381
 0.0527
 1.8790
 0.9031
 8.4514
 1.2162
-2.5147
-1.6349
-4.2381
 0.0527
 1.8790
 0.9031
 8.4514
 1.2162
-2.5147
-1.6349
-4.2381
 0.0527
 1.8790
 0.9031
 8.4514
 1.2162
-2.5147
-1.6349
-4.2381
 0.0527
 1.8790
 0.9031
 8.4514
 1.2162
-2.5147
-1.6349
-4.2381
 0.0527
 1.8790
 0.9031
 8.4514
 1.2162
-2.5147
-1.6349
-4.2381
 0.0527
 1.8790
 0.9031
 8.4514
 1.2162
-2.5147
-1.6349
-4.2381
 0.0527
 1.8790
 0.9031
 8.4514
 1.2162
-2.5147
-1.6349
-4.2381
 0.0527
 1.8790
 0.9031
 8.4514
 1.2162
-2.5147
-1.6349
-4.2381
 0.0527
 1.8790
 0.9031
 8.4514
 1.2162
-2.5147
-1.6349
-4.2381
 0.0527
 1.8790
 0.9031
 8.4514
 1.2162
-2.5147
-1.6349
-4.2381
 0.0527
 1.8790
 0.9031
 8.4514
 1.2162
-2.5147
-1.6349
-4.2381
 0.0527
 1.8790
 0.9031
 8.4514
 1.2162
-2.5147
-1.6349
-4.2381
 0.0527
 1.8790
 0.9031
 8.4514
 1.2162
-2.5147
-1.6349
-4.2381
 0.0527
 1.8790
 0.9031
 8.4514
 1.2162
-2.5147
-1.6349
-4.2381
 0.0527
 1.8790
 0.9031
 8.4514
 1.2162
-2.5147
-1.6349
-4.2381
 0.0527
 1.8790
 0.9031
 8.4514
 1.2162
-2.5147
-1.6349
-4.2381
 0.0527
 1.8790
 0.9031
 8.4514
 1.2162
-2.5147
-1.6349
-4.2381
 0.0527
 1.8790
 0.9031
 8.4514
 1.2162
-2.5147
-1.6349
-4.2381
 0.0527
 1.8790
 0.9031
