 0.9945
-0.0445
 0.0805
 0.0504
 0.0000
 0.0379
 0.9377
-0.0213
 0.1000
 0.0000
 0.0000
 0.5598
 0.6267
-0.7813
-0.7746
-0.9348
 0.0876
-0.1982
 0.2271
 0.1089
 0.1112
 0.8891
 0.3651
 0.4954
-0.2952
-0.3838
 0.2058
 0.5388
-0.7107
 0.9945
-0.0606
 0.0745
 0.0425
 0.0095
 0.0406
 0.9418
 0.0151
 0.1115
-0.0000
-0.0000
 0.5486
 0.6269
-0.7394
-0.7858
-0.5632
-0.2878
-0.1139
 0.1313
 0.0120
 0.1038
 0.6707
 0.3827
 0.1476
 0.0475
-1.2861
-0.4405
 1.9847
 0.1459
 0.9937
-0.0753
 0.0731
 0.0384
 0.0191
 0.0395
 0.9467
 0.0517
 0.1379
-0.0000
 0.0000
 0.4815
 0.5937
-0.6467
-0.7844
-0.4972
 0.0699
-0.0114
 0.2073
-0.0535
 0.0799
 0.6432
 0.5923
 0.0123
 0.0009
-1.3292
-0.4483
 1.6585
-0.3519
 0.9917
-0.0924
 0.0810
 0.0375
 0.0331
 0.0351
 0.9516
 0.0964
 0.1870
 0.0000
 0.0000
 0.4072
 0.5504
-0.5663
-0.7970
-0.6879
 0.4344
 0.0067
 0.2918
-0.1115
 0.0910
 0.8913
 1.0876
-0.0341
-0.0403
-1.5144
-1.0340
 1.4611
-0.1638
 0.9891
-0.1106
 0.0902
 0.0351
 0.0498
 0.0272
 0.9560
 0.1481
 0.2543
-0.0000
-0.0000
 0.3399
 0.4930
-0.4930
-0.8000
-0.3981
 0.0035
-0.0736
 0.2795
-0.1914
 0.0368
 0.7093
 1.0386
-0.1091
-0.1591
-1.0236
-0.8013
 1.5169
-0.0030
 0.9899
-0.1107
 0.0832
 0.0319
 0.0639
 0.0169
 0.9543
 0.1629
 0.2772
 0.0000
 0.0002
 0.2716
 0.4647
-0.3734
-0.7654
-0.0441
-0.1121
 0.0215
 0.3012
-0.1327
-0.0335
 0.2177
 0.2366
-0.0024
 0.1036
-1.4793
 0.7234
 2.3029
-0.2467
 0.9909
-0.1058
 0.0774
 0.0295
 0.0786
 0.0104
 0.9536
 0.1555
 0.2773
 0.0001
 0.0001
 0.1931
 0.5232
-0.2435
-0.7951
 0.3555
-0.5785
-0.2058
 0.1862
-0.1012
 0.0157
-0.4010
-0.1917
 0.0198
 0.0242
-1.0848
 1.0451
 2.3834
-0.1592
 0.9940
-0.0931
 0.0515
 0.0240
 0.0847
 0.0053
 0.9551
 0.1271
 0.2602
 0.0002
 0.0002
 0.1359
 0.5936
-0.0927
-0.7970
 0.6392
-0.9771
-0.1477
 0.0644
-0.0812
 0.0628
-0.7114
-0.4965
 0.0238
 0.0229
-1.4777
 0.7801
 3.1873
 0.5105
 0.9967
-0.0735
 0.0245
 0.0227
 0.0870
 0.0009
 0.9591
 0.0851
 0.2271
 0.0001
-0.0000
 0.0235
 0.6347
 0.1123
-0.7683
 0.8402
-0.9577
 0.1043
 0.0294
-0.0762
 0.0818
-0.8109
-0.7120
-0.0001
-0.0054
-2.0650
 0.7659
 3.6255
 0.4873
 0.9980
-0.0551
 0.0080
 0.0296
 0.0911
-0.0028
 0.9628
 0.0544
 0.1949
-0.0001
-0.0001
-0.1205
 0.6630
 0.3118
-0.7500
 0.4580
-0.2374
 0.4898
 0.1256
-0.0554
 0.0276
-0.2138
-0.3711
-0.0006
 0.0016
-2.9079
 0.7543
 3.4036
-0.3055
 0.9981
-0.0425
 0.0086
 0.0436
 0.1011
-0.0050
 0.9645
 0.0397
 0.1720
-0.0000
-0.0001
-0.2713
 0.7032
 0.4585
-0.7825
 0.4820
-0.1544
 0.5052
 0.1646
-0.0228
 0.0212
-0.3358
-0.4221
 0.0033
 0.0066
-2.1393
 0.9976
 2.0748
-0.6154
 0.9979
-0.0303
-0.0061
 0.0577
 0.1081
-0.0051
 0.9649
 0.0186
 0.1516
 0.0000
-0.0000
-0.3680
 0.7641
 0.5595
-0.8006
 0.6268
-0.8168
 0.5186
 0.0900
 0.0140
 0.0161
-0.6586
-0.4898
 0.0032
 0.0088
-1.3223
 1.1990
 1.5476
-0.0210
 0.9972
-0.0088
-0.0316
 0.0676
 0.1128
-0.0032
 0.9685
-0.0392
 0.1120
-0.0001
-0.0000
-0.3987
 0.7778
 0.5872
-0.7362
 0.7397
-0.2979
 0.3434
 0.1778
 0.0581
 0.0883
-1.1074
-0.7512
 0.0150
-0.0203
 0.4563
-0.6381
-1.5415
 1.5524
 0.9957
-0.0164
-0.0197
 0.0889
 0.1302
 0.0031
 0.9655
-0.0412
 0.1258
-0.0002
-0.0002
-0.3752
 0.7881
 0.4387
-0.7541
-0.8915
 0.4531
 0.6614
 0.3364
 0.1736
-0.1011
 0.4604
 0.7998
 0.1276
 0.1385
 1.7259
-0.7655
-4.4338
 0.6069
 0.9941
-0.0261
 0.0042
 0.1051
 0.1540
 0.0117
 0.9634
-0.0414
 0.1387
-0.0000
-0.0000
-0.3265
 0.7302
 0.2888
-0.7204
 0.6042
 0.8862
 0.1514
 0.4799
 0.0877
 0.0950
-0.8574
-0.8181
 0.0517
 0.2088
 2.1261
-0.5110
-2.6434
 0.1389
 0.9944
-0.0229
 0.0180
 0.1012
 0.1779
 0.0175
 0.9775
-0.0504
 0.1289
 0.0000
 0.0000
-0.0822
 0.6960
 0.0142
-0.7058
-0.6579
-0.0641
-0.3876
 0.3676
 0.1304
 0.3612
 0.7355
 0.7348
-0.0147
 0.0118
 6.3256
-0.1847
-6.6991
-0.0128
 0.9955
-0.0366
 0.0372
 0.0797
 0.2045
 0.0261
 0.9912
-0.0255
 0.1437
-0.0000
-0.0000
 0.2823
 0.6636
-0.4151
-0.7180
-0.0325
 1.9573
-1.2403
 0.6841
 0.1683
 0.0313
-0.4592
-0.8798
 0.1057
 0.0557
 6.0551
-1.3172
-8.5587
-0.6164
 0.9947
-0.0279
 0.0821
 0.0548
 0.2373
 0.0331
 0.9850
-0.0562
 0.0869
 0.0000
 0.0000
 0.5248
 0.6091
-0.7623
-0.7488
-0.0869
 0.6590
-0.4393
 0.3852
 0.0929
-0.0883
-0.0925
-0.4952
 0.0496
 0.0006
 2.1660
-0.2219
-2.7933
-0.4963
 0.9945
-0.0445
 0.0805
 0.0504
 0.2500
 0.0379
 0.9877
-0.0213
 0.1000
 0.0000
-0.0000
 0.5598
 0.6267
-0.7813
-0.7746
-0.9348
 0.0876
-0.1982
 0.2271
 0.1089
 0.1112
 0.8891
 0.3651
 0.4954
-0.2952
-0.3838
 0.2058
 0.5388
-0.7107
 0.9945
-0.0445
 0.0805
 0.0504
 0.2500
 0.0379
 0.9877
-0.0213
 0.1000
 0.0000
-0.0000
 0.5598
 0.6267
-0.7813
-0.7746
-0.9348
 0.0876
-0.1982
 0.2271
 0.1089
 0.1112
 0.8891
 0.3651
 0.4954
-0.2952
-0.3838
 0.2058
 0.5388
-0.7107
 0.9945
-0.0445
 0.0805
 0.0504
 0.2500
 0.0379
 0.9877
-0.0213
 0.1000
 0.0000
-0.0000
 0.5598
 0.6267
-0.7813
-0.7746
-0.9348
 0.0876
-0.1982
 0.2271
 0.1089
 0.1112
 0.8891
 0.3651
 0.4954
-0.2952
-0.3838
 0.2058
 0.5388
-0.7107
 0.9945
-0.0445
 0.0805
 0.0504
 0.2500
 0.0379
 0.9877
-0.0213
 0.1000
 0.0000
-0.0000
 0.5598
 0.6267
-0.7813
-0.7746
-0.9348
 0.0876
-0.1982
 0.2271
 0.1089
 0.1112
 0.8891
 0.3651
 0.4954
-0.2952
-0.3838
 0.2058
 0.5388
-0.7107
 0.9945
-0.0445
 0.0805
 0.0504
 0.2500
 0.0379
 0.9877
-0.0213
 0.1000
 0.0000
-0.0000
 0.5598
 0.6267
-0.7813
-0.7746
-0.9348
 0.0876
-0.1982
 0.2271
 0.1089
 0.1112
 0.8891
 0.3651
 0.4954
-0.2952
-0.3838
 0.2058
 0.5388
-0.7107
 0.9945
-0.0445
 0.0805
 0.0504
 0.2500
 0.0379
 0.9877
-0.0213
 0.1000
 0.0000
-0.0000
 0.5598
 0.6267
-0.7813
-0.7746
-0.9348
 0.0876
-0.1982
 0.2271
 0.1089
 0.1112
 0.8891
 0.3651
 0.4954
-0.2952
-0.3838
 0.2058
 0.5388
-0.7107
 0.9945
-0.0445
 0.0805
 0.0504
 0.2500
 0.0379
 0.9877
-0.0213
 0.1000
 0.0000
-0.0000
 0.5598
 0.6267
-0.7813
-0.7746
-0.9348
 0.0876
-0.1982
 0.2271
 0.1089
 0.1112
 0.8891
 0.3651
 0.4954
-0.2952
-0.3838
 0.2058
 0.5388
-0.7107
 0.9945
-0.0445
 0.0805
 0.0504
 0.2500
 0.0379
 0.9877
-0.0213
 0.1000
 0.0000
-0.0000
 0.5598
 0.6267
-0.7813
-0.7746
-0.9348
 0.0876
-0.1982
 0.2271
 0.1089
 0.1112
 0.8891
 0.3651
 0.4954
-0.2952
-0.3838
 0.2058
 0.5388
-0.7107
 0.9945
-0.0445
 0.0805
 0.0504
 0.2500
 0.0379
 0.9877
-0.0213
 0.1000
 0.0000
-0.0000
 0.5598
 0.6267
-0.7813
-0.7746
-0.9348
 0.0876
-0.1982
 0.2271
 0.1089
 0.1112
 0.8891
 0.3651
 0.4954
-0.2952
-0.3838
 0.2058
 0.5388
-0.7107
 0.9945
-0.0445
 0.0805
 0.0504
 0.2500
 0.0379
 0.9877
-0.0213
 0.1000
 0.0000
-0.0000
 0.5598
 0.6267
-0.7813
-0.7746
-0.9348
 0.0876
-0.1982
 0.2271
 0.1089
 0.1112
 0.8891
 0.3651
 0.4954
-0.2952
-0.3838
 0.2058
 0.5388
-0.7107
 0.9945
-0.0445
 0.0805
 0.0504
 0.2500
 0.0379
 0.9877
-0.0213
 0.1000
 0.0000
-0.0000
 0.5598
 0.6267
-0.7813
-0.7746
-0.9348
 0.0876
-0.1982
 0.2271
 0.1089
 0.1112
 0.8891
 0.3651
 0.4954
-0.2952
-0.3838
 0.2058
 0.5388
-0.7107
 0.9945
-0.0445
 0.0805
 0.0504
 0.2500
 0.0379
 0.9877
-0.0213
 0.1000
 0.0000
-0.0000
 0.5598
 0.6267
-0.7813
-0.7746
-0.9348
 0.0876
-0.1982
 0.2271
 0.1089
 0.1112
 0.8891
 0.3651
 0.4954
-0.2952
-0.3838
 0.2058
 0.5388
-0.7107
 0.9945
-0.0445
 0.0805
 0.0504
 0.2500
 0.0379
 0.9877
-0.0213
 0.1000
 0.0000
-0.0000
 0.5598
 0.6267
-0.7813
-0.7746
-0.9348
 0.0876
-0.1982
 0.2271
 0.1089
 0.1112
 0.8891
 0.3651
 0.4954
-0.2952
-0.3838
 0.2058
 0.5388
-0.7107
 0.9945
-0.0445
 0.0805
 0.0504
 0.2500
 0.0379
 0.9877
-0.0213
 0.1000
 0.0000
-0.0000
 0.5598
 0.6267
-0.7813
-0.7746
-0.9348
 0.0876
-0.1982
 0.2271
 0.1089
 0.1112
 0.8891
 0.3651
 0.4954
-0.2952
-0.3838
 0.2058
 0.5388
-0.7107
 0.9945
-0.0445
 0.0805
 0.0504
 0.2500
 0.0379
 0.9877
-0.0213
 0.1000
 0.0000
-0.0000
 0.5598
 0.6267
-0.7813
-0.7746
-0.9348
 0.0876
-0.1982
 0.2271
 0.1089
 0.1112
 0.8891
 0.3651
 0.4954
-0.2952
-0.3838
 0.2058
 0.5388
-0.7107
 0.9945
-0.0445
 0.0805
 0.0504
 0.2500
 0.0379
 0.9877
-0.0213
 0.1000
 0.0000
-0.0000
 0.5598
 0.6267
-0.7813
-0.7746
-0.9348
 0.0876
-0.1982
 0.2271
 0.1089
 0.1112
 0.8891
 0.3651
 0.4954
-0.2952
-0.3838
 0.2058
 0.5388
-0.7107
 0.9945
-0.0445
 0.0805
 0.0504
 0.2500
 0.0379
 0.9877
-0.0213
 0.1000
 0.0000
-0.0000
 0.5598
 0.6267
-0.7813
-0.7746
-0.9348
 0.0876
-0.1982
 0.2271
 0.1089
 0.1112
 0.8891
 0.3651
 0.4954
-0.2952
-0.3838
 0.2058
 0.5388
-0.7107
 0.9945
-0.0445
 0.0805
 0.0504
 0.2500
 0.0379
 0.9877
-0.0213
 0.1000
 0.0000
-0.0000
 0.5598
 0.6267
-0.7813
-0.7746
-0.9348
 0.0876
-0.1982
 0.2271
 0.1089
 0.1112
 0.8891
 0.3651
 0.4954
-0.2952
-0.3838
 0.2058
 0.5388
-0.7107
 0.9945
-0.0445
 0.0805
 0.0504
 0.2500
 0.0379
 0.9877
-0.0213
 0.1000
 0.0000
-0.0000
 0.5598
 0.6267
-0.7813
-0.7746
-0.9348
 0.0876
-0.1982
 0.2271
 0.1089
 0.1112
 0.8891
 0.3651
 0.4954
-0.2952
-0.3838
 0.2058
 0.5388
-0.7107
 0.9945
-0.0445
 0.0805
 0.0504
 0.2500
 0.0379
 0.9877
-0.0213
 0.1000
 0.0000
-0.0000
 0.5598
 0.6267
-0.7813
-0.7746
-0.9348
 0.0876
-0.1982
 0.2271
 0.1089
 0.1112
 0.8891
 0.3651
 0.4954
-0.2952
-0.3838
 0.2058
 0.5388
-0.7107
