-0.298072
0.266963
0.998125
-0.593795
0.66284
0.215431
0.486133
0.25342
-0.299129
0.294311
-0.254147
0.59894
0.87703
0.0285038
-0.897727
-0.173788
-0.2527
-0.0174292
-0.466342
0.215708
0.332032
-0.600741
0.725638
-0.979161
0.209266
0.63544
0.380715
-0.967476
0.451968
-0.705182
0.478372
0.483835
-0.980634
0.254724
-0.174986
-0.408668
0.092371
-0.575913
0.554871
-0.585692
0.470258
0.121327
-0.170011
0.326579
-0.312922
0.0751161
-0.367613
-0.720134
0.368606
-0.460048
-0.852063
-0.539697
0.960263
0.472246
-0.546688
-0.663407
0.454797
-0.669399
-0.690523
0.0665868
0.298749
0.873723
0.487898
0.662148
-0.999581
0.588875
0.992583
-0.76352
-0.685638
-0.335004
0.22599
-0.872817
0.0932259
-0.680115
-0.260595
-0.429086
0.286607
-0.172042
-0.0012395
0.529224
-0.518021
0.857458
-0.748998
0.823471
-0.92223
0.0773573
0.728687
0.978825
-0.235823
-0.113777
0.6104
0.636837
-0.562017
-0.0500086
0.49355
-0.319507
-0.787015
-0.156949
-0.745255
0.298178
-0.912859
0.257089
0.245347
0.846671
0.51239
0.289007
-0.937063
-0.634803
0.229725
-0.311844
0.477052
-0.488687
-0.164032
-0.600796
0.829344
-0.933789
-0.736984
0.127577
-0.368075
-0.237743
-0.467345
0.81999
0.422125
0.839998
-0.964663
0.344491
-0.0240026
0.740222
0.223112
-0.439295
0.768764
-0.0290599
-0.748771
0.648581
-0.462467
0.106341
0.121251
-0.555348
-0.475164
0.756924
0.05202
-0.256896
-0.341995
-0.19995
-0.451411
0.557461
-0.366659
-0.760994
-0.755247
-0.639924
0.345904
-0.206983
0.917725
-0.968999
0.450666
-0.746843
0.107716
-0.903854
0.136556
-0.389319
0.327056
0.620327
0.353902
-0.448651
-0.450113
-0.805704
-0.833486
-0.772982
0.750038
0.928847
-0.136072
0.0932827
0.592978
0.13643
-0.138341
-0.412138
0.373079
-0.884773
-0.683646
0.888316
-0.187046
-0.954606
-0.642824
0.0683419
-0.398501
-0.83883
0.159967
-0.270608
0.0621769
-0.218309
-0.313649
0.310467
0.121806
-0.47409
0.796568
0.859694
0.13707
-0.786218
0.312508
0.133499
-0.39083
0.276509
-0.113288
-0.324472
0.459807
-0.967472
0.499889
0.164411
-0.67094
-0.122117
-0.0747402
-0.017485
-0.748868
-0.221694
0.393418
-0.306539
-0.903953
-0.388544
0.489082
-0.147269
0.920891
0.323247
0.756385
0.726006
-0.305185
0.890367
-0.73469
0.276836
-0.767669
0.781444
-0.845514
0.438063
0.221741
0.944895
0.617246
0.364076
-0.00306977
-0.0578179
-0.0226116
-0.775178
-0.153418
0.0280487
-0.253179
0.65103
-0.952328
-0.097613
-0.468775
0.14912
-0.0195107
0.704741
0.0533919
0.676544
-0.973215
-0.0682049
-0.230543
0.678927
-0.663824
0.670492
0.593219
0.263905
0.427264
-0.246243
0.84349
0.478001
-0.250621
0.372753
0.648996
0.0114294
-0.521167
0.612159
-0.806888
0.295449
-0.890921
-0.298955
0.750553
0.183923
-0.524702
0.918635
-0.157513
0.188777
-0.979649
0.753967
0.296801
0.555874
0.505134
0.553474
-0.0791977
0.55778
-0.286135
0.451165
-0.637261
0.120664
-0.331123
-0.58912
0.513279
-0.204209
-0.173869
0.0390075
0.325893
0.189626
0.0260702
0.894494
-0.941552
-0.826699
