10.042795
 2.162659
-4.885927
 3.173402
 7.297780
-0.904618
-0.294745
 1.714359
 5.538279
 0.931233
-1.856657
-0.386141
 5.388217
-0.272235
 0.042560
 1.954028
 1.312547
 1.520960
-3.434272
 2.788572
 8.489240
-0.059267
 0.115000
 2.797335
-5.169301
-1.689153
 2.320275
-4.939471
 6.151113
-0.133606
-0.756557
 2.187750
-13.625750
 -1.107054
  0.556450
 -1.843805
 -4.726089
 -0.194711
  1.608451
  1.496647
-1.273252
 0.169731
 1.288658
 0.586955
-5.578077
-0.113031
 2.362173
-0.808375
  1.553837
 -0.547777
  1.883254
  0.975309
-12.698326
 -1.415358
 -0.432681
  3.608531
 -2.767728
  0.110100
  2.747826
  2.006575
-25.503519
 -1.257199
 -1.285826
  3.070842
  0.758462
 -0.250446
  0.910458
  0.921265
-22.152323
 -0.061323
  1.023797
  0.158049
  1.245238
 -0.239141
 -1.247161
 -1.430211
-14.860179
 -0.208473
  0.256243
 -2.181492
 0.329011
 0.027435
-1.308910
-1.516720
-5.925115
 0.035848
-0.564504
-3.122552
-3.460285
 0.407287
-0.812619
-1.012648
-2.434870
 0.907500
 2.940713
-5.299462
-1.904134
-0.072805
 1.264901
 1.114926
 0.651571
 0.051960
 0.349173
-0.717094
 3.441889
 0.226103
 2.432679
 3.418382
 1.349975
 0.131409
-0.524043
 1.462415
17.496918
 5.447138
-1.776524
 8.296792
 6.382875
 0.026576
 2.094731
 1.364283
16.576147
 3.668078
-1.787797
 0.764046
-1.426245
 0.138391
 0.162737
 0.742119
14.021973
 1.909680
-2.918992
-2.184228
-9.445536
 1.401926
-0.710336
 0.493384
20.406016
 1.879538
-5.211375
 2.698962
-3.407011
 0.756498
 1.093405
 1.780995
17.578571
 0.766278
-3.405315
-1.088313
-6.713786
 0.989521
 1.246011
 2.176975
17.578571
 0.766278
-3.405315
-1.088313
-6.713786
 0.989521
 1.246011
 2.176975
17.578571
 0.766278
-3.405315
-1.088313
-6.713786
 0.989521
 1.246011
 2.176975
17.578571
 0.766278
-3.405315
-1.088313
-6.713786
 0.989521
 1.246011
 2.176975
17.578571
 0.766278
-3.405315
-1.088313
-6.713786
 0.989521
 1.246011
 2.176975
17.578571
 0.766278
-3.405315
-1.088313
-6.713786
 0.989521
 1.246011
 2.176975
17.578571
 0.766278
-3.405315
-1.088313
-6.713786
 0.989521
 1.246011
 2.176975
17.578571
 0.766278
-3.405315
-1.088313
-6.713786
 0.989521
 1.246011
 2.176975
17.578571
 0.766278
-3.405315
-1.088313
-6.713786
 0.989521
 1.246011
 2.176975
17.578571
 0.766278
-3.405315
-1.088313
-6.713786
 0.989521
 1.246011
 2.176975
17.578571
 0.766278
-3.405315
-1.088313
-6.713786
 0.989521
 1.246011
 2.176975
17.578571
 0.766278
-3.405315
-1.088313
-6.713786
 0.989521
 1.246011
 2.176975
17.578571
 0.766278
-3.405315
-1.088313
-6.713786
 0.989521
 1.246011
 2.176975
17.578571
 0.766278
-3.405315
-1.088313
-6.713786
 0.989521
 1.246011
 2.176975
17.578571
 0.766278
-3.405315
-1.088313
-6.713786
 0.989521
 1.246011
 2.176975
17.578571
 0.766278
-3.405315
-1.088313
-6.713786
 0.989521
 1.246011
 2.176975
17.578571
 0.766278
-3.405315
-1.088313
-6.713786
 0.989521
 1.246011
 2.176975
17.578571
 0.766278
-3.405315
-1.088313
-6.713786
 0.989521
 1.246011
 2.176975
17.578571
 0.766278
-3.405315
-1.088313
-6.713786
 0.989521
 1.246011
 2.176975
17.578571
 0.766278
-3.405315
-1.088313
-6.713786
 0.989521
 1.246011
 2.176975
