1.000000
0.000000
0.000000
0.000000
0.014154
0.009317
-0.091401
0.057423
-0.030331
0.064543
0.033462
0.057194
-0.060260
0.038276
0.003127
0.049390
-0.043907
-0.003823
-0.010605
-0.039302
0.065558
-0.082885
0.078258
-0.088466
0.076501
-0.012121
0.077022
-0.014919
-0.023964
1.000000
0.000000
0.000000
0.000000
-0.098441
-0.004664
-0.024370
0.039834
0.098463
-0.074981
0.095927
-0.005360
0.014415
-0.043374
-0.039802
0.031530
-0.065116
-0.028268
0.008031
0.022763
-0.051246
0.093112
0.098799
-0.097823
-0.031050
-0.080840
0.098696
-0.071894
-0.018092
1.000000
0.000000
0.000000
0.000000
0.014784
-0.076840
-0.095791
0.071410
-0.016641
0.035739
-0.093707
0.055091
-0.056230
0.029056
-0.096155
-0.063117
0.027855
-0.093978
0.005832
0.047016
-0.095283
0.033938
-0.071076
0.014086
-0.069484
0.082179
-0.008450
-0.034763
0.071325
1.000000
0.000000
0.000000
0.000000
-0.018082
0.085422
0.009611
-0.089026
0.089267
0.046494
0.038829
0.095289
-0.047673
-0.014155
-0.099994
0.086265
0.014769
0.014091
-0.083219
-0.003052
-0.094359
-0.017982
-0.031727
-0.023786
-0.022688
0.004372
-0.034356
-0.098875
-0.069734
1.000000
0.000000
0.000000
0.000000
-0.022795
0.048408
0.034642
0.063050
0.048413
0.020907
-0.022181
-0.037495
0.037688
0.074767
-0.031854
-0.080294
-0.056960
0.044360
-0.002983
0.047413
-0.089995
-0.001858
0.077679
0.079864
-0.053760
0.038048
-0.074653
-0.075331
0.064258
1.000000
0.000000
0.000000
0.000000
-0.090802
0.000965
0.075631
0.083965
0.069111
0.095337
-0.072994
0.013471
-0.007646
0.074418
0.023476
0.090496
0.052097
0.003339
-0.063264
-0.009855
0.028687
-0.038595
-0.045598
-0.018565
-0.050074
0.054481
0.072560
0.091566
0.036876
1.000000
0.000000
0.000000
0.000000
-0.007561
0.003623
0.055177
-0.033143
-0.072902
0.045672
-0.081046
0.030438
0.082408
0.009098
-0.040876
-0.056187
0.063500
0.040560
-0.006261
0.017982
0.013120
-0.014695
-0.045143
-0.045990
0.066919
0.008770
0.026279
-0.013007
-0.099375
1.000000
0.000000
0.000000
0.000000
-0.048571
0.059344
-0.085809
0.060528
-0.081532
-0.041996
0.024028
0.059028
0.051743
-0.057990
-0.027852
-0.062952
-0.003133
0.026158
-0.096033
-0.094364
-0.047563
-0.009040
-0.093739
-0.039816
0.098994
-0.025627
0.033364
-0.002822
-0.094693
1.000000
0.000000
0.000000
0.000000
-0.032556
-0.035268
0.047139
0.009453
0.036881
0.084186
-0.093680
-0.036961
0.088153
-0.088044
0.015476
-0.020887
-0.081782
0.075660
-0.021894
-0.007410
0.009025
0.075285
-0.002103
-0.091993
-0.025729
0.089315
0.039466
-0.097837
0.012515
1.000000
0.000000
0.000000
0.000000
-0.051014
-0.040245
0.064781
-0.039058
0.075231
-0.056106
-0.020840
0.050892
0.022000
0.071751
-0.040084
-0.002715
-0.030352
-0.032076
0.071556
-0.041037
-0.092610
0.073719
0.071478
0.029744
-0.036882
-0.078615
0.095513
-0.041779
-0.033312
1.000000
0.000000
0.000000
0.000000
0.060480
0.000652
0.066434
0.032231
0.060568
-0.036281
-0.098122
-0.071508
-0.064725
-0.039159
-0.064118
-0.091005
-0.067681
0.065626
-0.027887
-0.046296
0.061138
0.030334
0.020392
-0.010136
-0.051609
0.079522
-0.038745
0.063164
-0.084720
1.000000
0.000000
0.000000
0.000000
-0.042459
0.077164
0.025681
0.018382
-0.086954
0.034676
0.050701
0.078672
-0.093212
-0.095595
0.039810
0.037122
0.024797
-0.070326
0.085513
0.004320
-0.009071
0.048676
0.019600
0.072562
-0.013632
0.035420
0.035515
0.073820
0.095673
1.000000
0.000000
0.000000
0.000000
-0.058765
-0.020522
0.079911
-0.054360
-0.080712
0.017033
0.070437
-0.051037
0.002545
-0.025243
0.039892
-0.048778
0.094357
0.012454
0.037590
0.029777
-0.052031
0.011411
0.025449
0.006917
-0.026665
0.047809
-0.078473
0.083931
-0.039426
1.000000
0.000000
0.000000
0.000000
0.041525
0.020227
-0.028369
-0.083718
-0.039881
0.022853
-0.089361
0.072574
-0.039557
0.040416
-0.079457
0.071853
-0.034135
0.027460
-0.054812
-0.086326
0.048987
-0.070881
-0.025753
0.042666
0.000811
0.073267
-0.073121
-0.026691
-0.054590
1.000000
0.000000
0.000000
0.000000
-0.008138
0.049470
0.021474
-0.067722
0.070013
-0.006673
-0.001857
-0.002528
0.038515
0.011816
-0.053541
0.067635
0.086064
0.089125
-0.031554
0.059331
-0.083997
0.041754
-0.095259
0.068330
-0.032960
0.002203
-0.008255
-0.036411
0.068751
1.000000
0.000000
0.000000
0.000000
-0.039811
0.074218
0.021278
0.072006
-0.079323
-0.011087
0.058069
-0.090198
0.057359
0.017400
-0.074195
-0.000887
0.022141
0.094135
0.066153
-0.075656
-0.014121
-0.070258
0.093096
-0.057436
-0.089892
0.000026
-0.019529
0.067371
-0.032013
1.000000
0.000000
0.000000
0.000000
0.062551
0.055546
0.007735
-0.020049
0.081351
-0.093152
-0.097907
0.075486
0.073000
-0.073563
-0.038634
-0.097258
-0.080467
0.003930
-0.087150
0.019559
0.084401
0.080221
0.087546
0.094641
-0.045675
0.044968
0.066927
-0.094826
-0.014847
1.000000
0.000000
0.000000
0.000000
-0.051520
0.088369
0.084575
-0.025083
-0.050265
0.087317
-0.005550
0.053664
-0.099832
-0.085992
0.038065
0.080389
-0.098446
0.032706
-0.065286
0.046522
-0.000367
-0.060112
-0.068325
-0.000963
0.070129
0.078292
0.002922
-0.053885
-0.024716
1.000000
0.000000
0.000000
0.000000
0.033591
-0.017702
-0.036353
0.047599
-0.079637
-0.055964
0.049153
0.053069
-0.021250
-0.004325
-0.047297
0.018638
0.027351
0.051739
-0.011233
0.005642
-0.045339
0.034882
0.080926
0.024018
-0.087471
-0.039062
-0.060237
0.003058
0.052524
1.000000
0.000000
0.000000
0.000000
-0.026528
0.066321
-0.021403
0.069148
-0.080976
0.097235
-0.003502
0.070763
-0.013998
-0.097859
-0.074576
-0.079115
0.083067
0.049443
-0.066587
-0.055995
0.089206
0.036472
0.096529
0.093193
0.018429
-0.074786
-0.063678
-0.070980
0.017379
1.000000
0.000000
0.000000
0.000000
-0.023520
0.091269
-0.065128
-0.021380
-0.083307
-0.044244
-0.038312
0.066136
-0.010830
0.005693
0.055342
-0.074359
0.002222
0.048536
0.044071
0.027436
0.084858
0.073090
-0.055185
0.097900
0.094999
0.018005
0.035261
-0.069841
0.091042
1.000000
0.000000
0.000000
0.000000
0.042863
-0.073756
-0.028657
-0.051444
0.081587
-0.003016
0.050778
0.030122
-0.058945
-0.021786
0.014980
-0.085855
0.023029
0.012880
-0.090856
-0.058966
-0.051859
-0.060697
-0.067924
0.094235
-0.029056
0.074752
0.020310
0.023090
-0.033703
1.000000
0.000000
0.000000
0.000000
0.046238
0.064567
0.084268
-0.075548
-0.020453
0.098412
0.047481
0.092427
-0.092444
0.088515
-0.059432
-0.053141
-0.079409
-0.065197
0.017803
0.095342
0.055113
-0.059106
-0.038361
-0.022021
-0.092601
-0.045648
-0.017980
-0.065987
-0.070761
1.000000
0.000000
0.000000
0.000000
0.042554
0.057858
-0.091083
0.031069
0.098426
-0.044224
0.051660
-0.066771
0.073579
0.047002
0.088342
-0.085527
-0.091359
-0.033679
-0.078128
-0.037007
0.048340
-0.044115
-0.007768
0.077264
0.042756
0.067699
-0.098353
-0.035928
0.086380
1.000000
0.000000
0.000000
0.000000
0.092624
0.004898
-0.071040
0.039626
-0.006760
-0.056567
0.048267
0.059561
-0.034694
-0.088740
0.007902
0.021191
0.003491
-0.014835
-0.036053
-0.028810
-0.013187
0.028020
-0.042430
-0.040919
-0.022024
-0.053102
-0.073577
0.093362
-0.062414
1.000000
0.000000
0.000000
0.000000
-0.042199
-0.004025
-0.069729
-0.030939
-0.096123
0.051462
0.072552
-0.010958
-0.084591
-0.056257
0.075855
0.043429
0.001313
-0.065064
-0.078595
0.048210
-0.038640
-0.085234
0.085796
0.097679
-0.018628
-0.077013
0.074962
-0.080352
0.015558
1.000000
0.000000
0.000000
0.000000
0.053819
0.088130
0.099196
0.097561
0.063985
0.042625
-0.001126
0.098921
0.064030
-0.052916
-0.039719
0.078796
-0.067119
-0.042041
-0.039832
-0.044133
-0.067078
-0.020184
0.071425
0.077792
0.042637
-0.091485
-0.067803
0.041873
-0.089431
1.000000
0.000000
0.000000
0.000000
0.075924
-0.012793
0.032533
-0.076992
0.047488
0.011329
-0.044111
-0.094552
0.071498
0.011756
-0.061631
-0.048686
-0.016819
-0.083839
0.093951
-0.008304
-0.051642
0.035823
0.002266
0.092761
0.072907
0.045160
0.018430
0.009078
0.071842
1.000000
0.000000
0.000000
0.000000
0.029788
0.061808
0.081583
-0.058456
-0.099822
-0.067104
0.024725
-0.083661
-0.073153
-0.083579
-0.035303
0.062670
0.018687
-0.042542
0.035577
-0.036153
0.075888
-0.055345
-0.064311
0.073806
-0.021966
-0.066591
-0.051226
0.099699
0.099632
1.000000
0.000000
0.000000
0.000000
-0.030378
0.043257
0.049800
-0.013957
-0.092046
0.012470
-0.095270
-0.034588
-0.051953
-0.031423
-0.058700
-0.007298
0.004267
-0.084894
0.070736
0.037676
-0.036120
0.070435
0.037308
0.063545
0.079006
-0.064303
0.037109
0.043937
0.044170
1.000000
0.000000
0.000000
0.000000
0.045753
-0.085783
-0.032505
-0.085670
-0.044483
0.060197
0.018597
-0.029376
0.030933
-0.043727
0.034504
0.001368
0.093581
-0.001951
-0.019627
-0.070722
-0.064842
-0.075690
0.073448
-0.024381
-0.005013
-0.092326
-0.039022
-0.007419
0.064853
1.000000
0.000000
0.000000
0.000000
0.035661
0.022594
-0.050094
0.091933
-0.042902
0.051274
0.085514
0.055146
-0.068353
-0.085208
0.090304
-0.044043
0.088240
-0.034076
0.050944
0.095914
0.026901
-0.056475
0.060767
-0.057141
-0.023043
-0.067401
-0.000161
-0.040806
0.023880
1.000000
0.000000
0.000000
0.000000
-0.067254
-0.057543
-0.065545
-0.052463
-0.067238
-0.009588
-0.064223
-0.001315
-0.058644
-0.068309
-0.074413
-0.015119
0.092458
-0.031555
0.061838
-0.074942
0.068285
-0.078968
0.048937
-0.029142
-0.023320
-0.068407
0.090494
0.084298
-0.066779
1.000000
0.000000
0.000000
0.000000
-0.090917
-0.024274
-0.046214
-0.059226
0.001312
0.038667
-0.066767
0.069758
0.000505
-0.041710
0.038042
0.021537
-0.092772
-0.091100
0.098217
-0.061180
0.099394
0.082515
-0.027958
-0.054814
0.097026
0.056798
0.038210
-0.001152
-0.055638
1.000000
0.000000
0.000000
0.000000
0.020375
0.066962
-0.028230
0.078666
0.005005
0.093306
0.085894
0.013904
0.091523
-0.075286
0.013299
0.074038
-0.003244
0.058485
0.071064
-0.046447
-0.003305
-0.030089
-0.002085
0.060673
0.013038
-0.035704
0.097958
0.033205
-0.056893
1.000000
0.000000
0.000000
0.000000
-0.083596
-0.087827
0.003568
-0.058882
0.025472
-0.022394
0.037874
-0.016043
-0.051330
0.091427
0.080652
0.018581
-0.010658
0.041326
-0.068381
0.053637
0.039284
0.064823
0.096744
0.083611
0.093920
-0.027551
0.015080
-0.079778
0.019418
1.000000
0.000000
0.000000
0.000000
0.092830
0.033358
0.080045
0.084257
0.014010
-0.001374
-0.026401
-0.044664
0.030245
-0.072764
0.094620
-0.004932
-0.076020
0.078231
-0.011012
-0.003571
-0.006690
0.009211
-0.084154
-0.039765
0.022697
-0.045998
-0.042330
-0.065548
-0.095796
1.000000
0.000000
0.000000
0.000000
0.077151
0.010486
0.098264
-0.095613
0.005106
-0.006668
-0.071632
-0.016663
0.082321
0.024796
0.076647
-0.008468
0.040643
-0.063118
-0.085771
0.094645
-0.005448
-0.051319
0.098849
0.066060
-0.092938
-0.043178
-0.007475
-0.085156
-0.053830
