0.534226
-0.241624
-0.796385
0.965189
0.591556
-0.372520
0.106728
-0.315271
0.093684
-0.034216
0.532553
0.774645
-0.652794
0.891453
0.790230
0.300564
-0.294270
0.952935
-0.639005
0.894302
0.238131
0.258937
0.042146
0.469732
0.698591
0.480978
0.603687
-0.545164
0.784295
-0.737900
0.274017
0.638518
0.527489
0.885212
0.000790
-0.088753
0.416401
0.823946
0.683297
-0.099524
0.408898
-0.183862
-0.460877
-0.277307
0.200747
-0.081445
-0.185323
-0.789599
-0.922531
0.080335
-0.318887
-0.268200
-0.018151
0.309341
0.656187
-0.981924
-0.010171
-0.010140
-0.085825
0.314584
0.278921
0.232007
0.828878
-0.127641
0.223537
-0.106011
-0.500927
-0.342308
0.951031
-0.546969
0.332127
-0.401644
0.287255
0.180568
-0.408700
0.713915
0.147732
-0.642419
-0.796226
0.745284
-0.183672
0.376921
-0.841803
0.629526
-0.125480
-0.397471
0.234325
0.881038
-0.410526
0.619243
-0.776407
0.146105
0.105962
0.127652
0.721518
-0.122396
0.936789
-0.283085
-0.009799
-0.157870
0.724980
-0.278577
0.254480
-0.480237
0.523266
0.252851
-0.025375
0.234147
0.965498
-0.334520
-0.350599
0.167770
0.566846
0.803663
0.069300
-0.620929
0.572627
0.679614
0.297689
0.067327
-0.897600
-0.258964
0.574224
0.722866
0.508492
0.401851
-0.675241
0.250672
0.994033
0.302412
0.466164
-0.961152
-0.240144
-0.030075
0.664358
-0.684682
-0.306426
-0.223534
-0.199887
0.157446
-0.094704
-0.084138
0.642244
-0.211012
-0.960126
0.819572
-0.713146
-0.568713
0.105908
-0.078357
0.767198
0.928887
-0.869580
-0.780914
-0.268101
0.373610
-0.648396
-0.269630
-0.891666
-0.985184
0.460942
-0.683591
0.426759
0.260754
-0.478537
-0.084549
-0.974450
-0.565849
0.228654
0.665054
0.927134
-0.959592
-0.733862
0.748863
0.469040
-0.471418
-0.710765
-0.131288
-0.245325
-0.756165
0.213160
-0.813195
0.706213
-0.141168
0.722686
0.499557
0.893276
0.673418
0.153862
0.906881
0.098958
-0.267561
0.363190
-0.333943
-0.628094
0.772838
0.382754
-0.074286
0.699081
-0.568263
0.448704
-0.371787
-0.629104
-0.455953
0.992354
-0.979454
0.122058
-0.047892
0.444025
-0.629166
-0.571052
0.256692
0.361711
-0.733182
-0.205120
0.243010
0.979180
-0.666211
0.977200
-0.250325
0.216649
0.662231
-0.491088
-0.911277
-0.003351
-0.914290
-0.016116
0.735643
0.649316
0.084736
0.033524
0.267398
-0.595384
-0.293231
-0.657735
0.853581
0.975943
0.571791
-0.450201
0.408508
0.159575
-0.665679
-0.281680
-0.430195
0.822368
-0.087196
-0.972664
0.964537
0.025729
-0.443523
-0.173446
0.196369
0.076185
-0.983715
-0.447023
-0.697872
-0.542079
-0.854890
-0.152442
-0.069767
0.018217
-0.124360
0.257688
0.442789
-0.360214
-0.568736
0.663806
-0.627152
-0.798331
0.788113
-0.536318
-0.041075
-0.556734
-0.709029
-0.242956
0.314692
-0.736981
-0.530310
-0.481554
0.932643
0.669244
-0.865136
-0.618440
0.974348
0.117553
0.502010
-0.861614
0.239287
-0.284918
0.583811
-0.420273
0.264647
-0.922181
0.893480
0.192949
0.411400
-0.881803
0.559842
-0.844372
0.153716
-0.888655
-0.164179
-0.074776
0.216207
