-4.4251
 4.2100
 3.9986
-0.4702
-0.9323
-0.5829
 2.1299
 2.3761
10.0405
-2.0355
-5.6564
-2.3941
 1.0005
 1.0854
 3.3135
 4.6804
 3.4147
 0.5491
-0.6126
-1.9958
 0.2939
-0.3415
 2.6225
 3.1087
 5.2167
-0.5426
-0.3418
-2.2370
 2.2407
-0.0793
-0.2135
 1.1491
 4.0586
-0.1698
-2.8992
-3.8520
 3.8346
 1.4570
 2.2547
 2.9936
 2.5228
 0.2061
-0.7666
-2.2091
 4.2790
 0.4848
 1.5668
 2.3157
 2.5204
-0.0987
-2.8272
-2.7443
 6.9675
 1.7671
 2.0811
 2.3854
-0.5829
 0.7581
-1.3401
-2.4618
 7.3295
 0.5149
 2.3881
 2.8985
 1.4594
-0.8305
-3.0783
-3.9337
 7.0057
 2.3605
 0.8761
 0.8810
-0.2280
-0.3606
 0.5346
-2.7970
 0.2451
-0.0445
 2.3990
 1.5942
-3.7131
-1.5619
-2.1748
-0.9537
-6.9025
-0.4621
 2.4151
 1.6041
-2.9300
 4.5937
-2.1574
-0.4078
-4.7523
-0.4975
 4.6626
 1.9447
-3.7350
-2.0778
-1.3510
-0.9921
-5.3509
-0.4908
-0.0831
-0.5405
 1.4225
 3.7639
-1.0420
 1.0777
-9.5133
 0.6887
 2.2892
 0.7731
-2.2184
 0.6994
-3.8757
-2.5622
-5.9883
 0.9951
 1.3992
-0.7072
-0.0592
 0.9022
-1.4851
-0.8461
-6.5182
 0.8181
 0.8056
-0.4225
-0.4951
-2.3697
-2.9654
-3.2023
-7.4225
 2.5983
-0.3440
-0.8278
 4.8867
-1.7064
-5.7340
-4.5106
-9.4848
 3.7292
 1.9444
 0.3198
 1.6907
 4.6741
-0.2399
 2.7834
-3.6906
-0.8564
 1.3104
-2.6755
-4.5964
-2.9702
 6.7665
 3.6857
-6.1020
 0.3698
-8.0378
-5.2511
-2.7015
 1.7887
 6.4333
 6.2901
-2.1879
-0.7274
-1.9520
-1.4602
-4.3831
-1.8188
 1.8029
 0.8840
-2.7215
-1.2556
-0.4031
-1.3624
-1.8612
-0.8141
 3.6948
 3.2230
-2.8586
-1.6232
-1.3722
-2.8185
-1.6275
 0.5293
 2.3445
 2.7281
-4.8767
-0.8056
-0.4911
-2.4120
-1.6070
-2.4568
 2.5162
 3.1071
-4.5161
-0.9209
-0.9924
-2.1977
-5.2133
-1.4474
 2.0847
 3.4538
-2.4081
-0.2340
 0.8056
-0.5663
-8.3037
-1.4579
-0.5210
 0.3490
-0.1809
 0.0556
 1.8513
-0.7913
-10.0201
  0.6405
 -1.1852
  1.5867
  0.5452
  0.7030
  0.3467
 -3.6712
-1.8785
 0.0710
 5.9944
 1.9803
 2.7942
 0.3066
-2.7990
-4.4241
 6.4480
 0.0086
 1.7575
 0.3834
 7.4069
-3.0857
-3.2124
 1.3261
 5.9163
 0.0095
 0.7577
-1.1678
 3.3130
-1.0719
-2.1044
-1.0778
 8.4961
-0.4566
 0.4536
-0.9593
 2.1661
-0.5556
-3.8209
-1.8413
 7.9943
-0.6255
 0.1331
-1.7256
 1.4629
-0.8100
-3.4983
-1.7525
 8.7635
-0.4372
-1.2110
-2.6043
 0.6071
-0.5889
-1.8240
-0.6504
 6.2761
-0.1682
-0.3150
-1.5794
 0.0988
 0.1361
-0.6270
 0.3581
 9.2545
-1.6293
-1.6138
-2.2886
-0.8858
-0.5382
-0.5169
 1.0981
 5.4909
-0.8791
 0.4002
-2.4073
-4.8049
 2.6138
 0.4921
-0.6782
 8.2184
-0.9194
 1.7576
-2.6626
 0.3237
-3.7412
-4.3508
-0.9399
