 0.998454
-0.048556
-0.002118
-0.026983
 0.000000
 0.041606
 0.945382
 0.029221
 0.100000
 0.000000
 0.000000
 0.055817
 0.188679
-0.036282
-0.062069
-0.179574
-0.136569
-0.378262
 0.177376
-0.013508
 0.099217
 0.225509
 0.161404
 0.014724
-0.013739
 2.622094
-3.598890
-2.509719
 4.216425
 0.997618
-0.056667
-0.010872
-0.037810
 0.007676
 0.039766
 0.949340
 0.049962
 0.118239
-0.000000
 0.000000
 0.176953
-0.001493
-0.135918
 0.162634
-0.332054
-0.324956
-0.365924
 0.153878
-0.055359
 0.060438
 0.425583
 0.386876
-0.005546
 0.012063
 2.052267
-2.707805
-1.618376
 3.049036
 0.996817
-0.061192
-0.013080
-0.049405
 0.018401
 0.035267
 0.951299
 0.064533
 0.129413
 0.000000
-0.000000
 0.258191
-0.131381
-0.203213
 0.282519
-0.068291
-0.027954
-0.475154
 0.206345
-0.106371
 0.010752
 0.178631
 0.131779
-0.009567
-0.001624
 0.923466
-1.981978
-0.675199
 1.435899
 0.995417
-0.065928
-0.014510
-0.067728
 0.029518
 0.028242
 0.951639
 0.080965
 0.147970
 0.000000
-0.000000
 0.293668
-0.238070
-0.216961
 0.345444
-0.250864
-0.140290
-0.839621
 0.197212
-0.145903
-0.003112
 0.387437
 0.517661
-0.014056
-0.024257
 0.299500
-1.712938
 0.250466
 0.670388
 0.992603
-0.072886
-0.013690
-0.096118
 0.042180
 0.018850
 0.950785
 0.102358
 0.182473
 0.000000
-0.000000
 0.284938
-0.315777
-0.178782
 0.341655
-0.142178
-0.125517
-1.204452
 0.243823
-0.194485
-0.048670
 0.254185
 0.599478
-0.024878
-0.112164
-0.142780
-0.739255
 0.842237
-0.888995
 0.989989
-0.064350
-0.015873
-0.124616
 0.055980
 0.006898
 0.942944
 0.088843
 0.184256
-0.000003
 0.000088
 0.225291
-0.400488
-0.073860
 0.397968
-0.270093
-0.123559
-0.534518
 0.274657
-0.160377
-0.097171
 0.353173
 0.447780
-0.005125
 0.042062
-1.661374
-0.173158
 2.688747
 0.826338
 0.987934
-0.068987
-0.016989
-0.137616
 0.070530
 0.000419
 0.942258
 0.096465
 0.200040
-0.000052
-0.000080
 0.104787
-0.368070
 0.095167
 0.389625
 0.002355
-0.122104
-0.410375
 0.223855
-0.080435
 0.035422
-0.147540
 0.037321
-0.011508
-0.015837
-2.721903
 0.854279
 3.605197
-0.474738
 0.986731
-0.068188
-0.015917
-0.146491
 0.083839
-0.002621
 0.948278
 0.087328
 0.198976
-0.000022
-0.000025
-0.052838
-0.278620
 0.290727
 0.307669
 0.125922
 0.145756
-0.266200
 0.259959
-0.037609
 0.164177
-0.217076
-0.118366
-0.004014
-0.002929
-2.797406
 2.082129
 3.249239
-2.181869
 0.986303
-0.066321
-0.012112
-0.150538
 0.098225
-0.003828
 0.957816
 0.080307
 0.192655
-0.000095
-0.000117
-0.196367
-0.140339
 0.458638
 0.163258
 0.076503
 0.082898
-0.009436
 0.255843
-0.009325
 0.174916
-0.061234
-0.133126
-0.007072
-0.009488
-2.455280
 2.833457
 2.845750
-2.956549
 0.987163
-0.059797
-0.014555
-0.147383
 0.111709
-0.004120
 0.968142
 0.068577
 0.173845
-0.000117
-0.000149
-0.300641
 0.038238
 0.582072
-0.015570
 0.308172
-0.024111
 0.331091
 0.257984
-0.007438
 0.188335
-0.198444
-0.415129
 0.000414
 0.000261
-1.822064
 3.424868
 1.854105
-3.583080
 0.989644
-0.048192
-0.014785
-0.134396
 0.126536
-0.004553
 0.977731
 0.054989
 0.144729
-0.000061
-0.000065
-0.372947
 0.234341
 0.641311
-0.221255
 0.439245
 0.141471
 0.672908
 0.299457
-0.009614
 0.147833
-0.157274
-0.513332
 0.004880
 0.005754
-1.051247
 3.618225
 0.379569
-3.990557
 0.992777
-0.037876
-0.009349
-0.113451
 0.143665
-0.004187
 0.983153
 0.050589
 0.119203
 0.000013
 0.000027
-0.400344
 0.419003
 0.615095
-0.425026
 0.317940
 0.224916
 0.854376
 0.320642
 0.028116
 0.050664
-0.018134
-0.390566
-0.001898
-0.002702
 0.006295
 3.152186
-1.262570
-3.476885
 0.995661
-0.033128
-0.003314
-0.086900
 0.161605
-0.000442
 0.983394
 0.051457
 0.103641
-0.000030
-0.000047
-0.388507
 0.578484
 0.521001
-0.597841
 0.117702
 0.117177
 1.017454
 0.309951
 0.116204
-0.026640
-0.092975
-0.254139
 0.003074
 0.009830
 0.484233
 2.461652
-2.072952
-2.478080
 0.998003
-0.029693
-0.002638
-0.055691
 0.178972
 0.009011
 0.981434
 0.031500
 0.086523
-0.000057
-0.000087
-0.358438
 0.695570
 0.396088
-0.706638
 0.015079
 0.092684
 1.163284
 0.330366
 0.228958
-0.048979
-0.467619
-0.225871
 0.040091
 0.054977
 0.906007
 1.454831
-2.841517
-1.210338
 0.998869
-0.041081
 0.008906
-0.022208
 0.200174
 0.022614
 0.975749
 0.032249
 0.100225
-0.000000
-0.000000
-0.400000
 0.748536
 0.373416
-0.763420
 0.163864
 0.247714
 0.798851
 0.383457
 0.172400
-0.009844
-0.439591
-0.242132
 0.019933
 0.089131
 0.358083
 0.645985
-0.244028
-0.480908
 0.999053
-0.040224
 0.014641
-0.007765
 0.219148
 0.030747
 0.979619
 0.018998
 0.095769
 0.000000
 0.000000
-0.330124
 0.713314
 0.304398
-0.716123
-0.131876
 0.065173
 0.315549
 0.274874
 0.134474
 0.075097
-0.011615
 0.102467
 0.042940
 0.028089
 1.288568
-1.635376
-1.137650
 2.070537
 0.999000
-0.042226
 0.013729
-0.005193
 0.231974
 0.037104
 0.983104
 0.016644
 0.094667
 0.000000
-0.000000
-0.254573
 0.574781
 0.240521
-0.543736
-0.002934
-0.282741
-0.152310
 0.183804
 0.086918
 0.086669
-0.064536
-0.096745
 0.029879
 0.021531
 2.268922
-2.918107
-1.883518
 3.809641
 0.998882
-0.044816
 0.004861
-0.014263
 0.241038
 0.040763
 0.989286
 0.020440
 0.095317
 0.000000
-0.000000
-0.105715
 0.390777
 0.112079
-0.308561
-0.139959
-0.325999
-0.409512
 0.153702
 0.042596
 0.113998
 0.135517
 0.063901
 0.021002
 0.006297
 2.811943
-3.539125
-2.488157
 4.423363
 0.998454
-0.048556
-0.002118
-0.026983
 0.250000
 0.041606
 0.995382
 0.029221
 0.100000
 0.000000
-0.000000
 0.055817
 0.188679
-0.036282
-0.062069
-0.179574
-0.136569
-0.378262
 0.177376
-0.013508
 0.099217
 0.225509
 0.161404
 0.014724
-0.013739
 2.622094
-3.598890
-2.509719
 4.216425
 0.998454
-0.048556
-0.002118
-0.026983
 0.250000
 0.041606
 0.995382
 0.029221
 0.100000
 0.000000
-0.000000
 0.055817
 0.188679
-0.036282
-0.062069
-0.179574
-0.136569
-0.378262
 0.177376
-0.013508
 0.099217
 0.225509
 0.161404
 0.014724
-0.013739
 2.622094
-3.598890
-2.509719
 4.216425
 0.998454
-0.048556
-0.002118
-0.026983
 0.250000
 0.041606
 0.995382
 0.029221
 0.100000
 0.000000
-0.000000
 0.055817
 0.188679
-0.036282
-0.062069
-0.179574
-0.136569
-0.378262
 0.177376
-0.013508
 0.099217
 0.225509
 0.161404
 0.014724
-0.013739
 2.622094
-3.598890
-2.509719
 4.216425
 0.998454
-0.048556
-0.002118
-0.026983
 0.250000
 0.041606
 0.995382
 0.029221
 0.100000
 0.000000
-0.000000
 0.055817
 0.188679
-0.036282
-0.062069
-0.179574
-0.136569
-0.378262
 0.177376
-0.013508
 0.099217
 0.225509
 0.161404
 0.014724
-0.013739
 2.622094
-3.598890
-2.509719
 4.216425
 0.998454
-0.048556
-0.002118
-0.026983
 0.250000
 0.041606
 0.995382
 0.029221
 0.100000
 0.000000
-0.000000
 0.055817
 0.188679
-0.036282
-0.062069
-0.179574
-0.136569
-0.378262
 0.177376
-0.013508
 0.099217
 0.225509
 0.161404
 0.014724
-0.013739
 2.622094
-3.598890
-2.509719
 4.216425
 0.998454
-0.048556
-0.002118
-0.026983
 0.250000
 0.041606
 0.995382
 0.029221
 0.100000
 0.000000
-0.000000
 0.055817
 0.188679
-0.036282
-0.062069
-0.179574
-0.136569
-0.378262
 0.177376
-0.013508
 0.099217
 0.225509
 0.161404
 0.014724
-0.013739
 2.622094
-3.598890
-2.509719
 4.216425
 0.998454
-0.048556
-0.002118
-0.026983
 0.250000
 0.041606
 0.995382
 0.029221
 0.100000
 0.000000
-0.000000
 0.055817
 0.188679
-0.036282
-0.062069
-0.179574
-0.136569
-0.378262
 0.177376
-0.013508
 0.099217
 0.225509
 0.161404
 0.014724
-0.013739
 2.622094
-3.598890
-2.509719
 4.216425
 0.998454
-0.048556
-0.002118
-0.026983
 0.250000
 0.041606
 0.995382
 0.029221
 0.100000
 0.000000
-0.000000
 0.055817
 0.188679
-0.036282
-0.062069
-0.179574
-0.136569
-0.378262
 0.177376
-0.013508
 0.099217
 0.225509
 0.161404
 0.014724
-0.013739
 2.622094
-3.598890
-2.509719
 4.216425
 0.998454
-0.048556
-0.002118
-0.026983
 0.250000
 0.041606
 0.995382
 0.029221
 0.100000
 0.000000
-0.000000
 0.055817
 0.188679
-0.036282
-0.062069
-0.179574
-0.136569
-0.378262
 0.177376
-0.013508
 0.099217
 0.225509
 0.161404
 0.014724
-0.013739
 2.622094
-3.598890
-2.509719
 4.216425
 0.998454
-0.048556
-0.002118
-0.026983
 0.250000
 0.041606
 0.995382
 0.029221
 0.100000
 0.000000
-0.000000
 0.055817
 0.188679
-0.036282
-0.062069
-0.179574
-0.136569
-0.378262
 0.177376
-0.013508
 0.099217
 0.225509
 0.161404
 0.014724
-0.013739
 2.622094
-3.598890
-2.509719
 4.216425
 0.998454
-0.048556
-0.002118
-0.026983
 0.250000
 0.041606
 0.995382
 0.029221
 0.100000
 0.000000
-0.000000
 0.055817
 0.188679
-0.036282
-0.062069
-0.179574
-0.136569
-0.378262
 0.177376
-0.013508
 0.099217
 0.225509
 0.161404
 0.014724
-0.013739
 2.622094
-3.598890
-2.509719
 4.216425
 0.998454
-0.048556
-0.002118
-0.026983
 0.250000
 0.041606
 0.995382
 0.029221
 0.100000
 0.000000
-0.000000
 0.055817
 0.188679
-0.036282
-0.062069
-0.179574
-0.136569
-0.378262
 0.177376
-0.013508
 0.099217
 0.225509
 0.161404
 0.014724
-0.013739
 2.622094
-3.598890
-2.509719
 4.216425
 0.998454
-0.048556
-0.002118
-0.026983
 0.250000
 0.041606
 0.995382
 0.029221
 0.100000
 0.000000
-0.000000
 0.055817
 0.188679
-0.036282
-0.062069
-0.179574
-0.136569
-0.378262
 0.177376
-0.013508
 0.099217
 0.225509
 0.161404
 0.014724
-0.013739
 2.622094
-3.598890
-2.509719
 4.216425
 0.998454
-0.048556
-0.002118
-0.026983
 0.250000
 0.041606
 0.995382
 0.029221
 0.100000
 0.000000
-0.000000
 0.055817
 0.188679
-0.036282
-0.062069
-0.179574
-0.136569
-0.378262
 0.177376
-0.013508
 0.099217
 0.225509
 0.161404
 0.014724
-0.013739
 2.622094
-3.598890
-2.509719
 4.216425
 0.998454
-0.048556
-0.002118
-0.026983
 0.250000
 0.041606
 0.995382
 0.029221
 0.100000
 0.000000
-0.000000
 0.055817
 0.188679
-0.036282
-0.062069
-0.179574
-0.136569
-0.378262
 0.177376
-0.013508
 0.099217
 0.225509
 0.161404
 0.014724
-0.013739
 2.622094
-3.598890
-2.509719
 4.216425
 0.998454
-0.048556
-0.002118
-0.026983
 0.250000
 0.041606
 0.995382
 0.029221
 0.100000
 0.000000
-0.000000
 0.055817
 0.188679
-0.036282
-0.062069
-0.179574
-0.136569
-0.378262
 0.177376
-0.013508
 0.099217
 0.225509
 0.161404
 0.014724
-0.013739
 2.622094
-3.598890
-2.509719
 4.216425
 0.998454
-0.048556
-0.002118
-0.026983
 0.250000
 0.041606
 0.995382
 0.029221
 0.100000
 0.000000
-0.000000
 0.055817
 0.188679
-0.036282
-0.062069
-0.179574
-0.136569
-0.378262
 0.177376
-0.013508
 0.099217
 0.225509
 0.161404
 0.014724
-0.013739
 2.622094
-3.598890
-2.509719
 4.216425
 0.998454
-0.048556
-0.002118
-0.026983
 0.250000
 0.041606
 0.995382
 0.029221
 0.100000
 0.000000
-0.000000
 0.055817
 0.188679
-0.036282
-0.062069
-0.179574
-0.136569
-0.378262
 0.177376
-0.013508
 0.099217
 0.225509
 0.161404
 0.014724
-0.013739
 2.622094
-3.598890
-2.509719
 4.216425
 0.998454
-0.048556
-0.002118
-0.026983
 0.250000
 0.041606
 0.995382
 0.029221
 0.100000
 0.000000
-0.000000
 0.055817
 0.188679
-0.036282
-0.062069
-0.179574
-0.136569
-0.378262
 0.177376
-0.013508
 0.099217
 0.225509
 0.161404
 0.014724
-0.013739
 2.622094
-3.598890
-2.509719
 4.216425
 0.998454
-0.048556
-0.002118
-0.026983
 0.250000
 0.041606
 0.995382
 0.029221
 0.100000
 0.000000
-0.000000
 0.055817
 0.188679
-0.036282
-0.062069
-0.179574
-0.136569
-0.378262
 0.177376
-0.013508
 0.099217
 0.225509
 0.161404
 0.014724
-0.013739
 2.622094
-3.598890
-2.509719
 4.216425
